10000 (222.517,17.2988,-215.964)
10001 (222.517,-17.2988,-215.964)
10002 (222.517,17.2988,-188.969)
10003 (222.517,-17.2988,-188.969)
10004 (222.517,17.2988,-161.973)
10005 (222.517,-17.2988,-161.973)
10006 (222.517,17.2988,-134.978)
10007 (222.517,-17.2988,-134.978)
10008 (222.517,17.2988,-107.982)
10009 (222.517,-17.2988,-107.982)
10010 (222.517,17.2988,-80.9867)
10011 (222.517,-17.2988,-80.9867)
10012 (222.517,17.2988,-53.9911)
10013 (222.517,-17.2988,-53.9911)
10014 (222.517,17.2988,-26.9956)
10015 (222.517,-17.2988,-26.9956)
10016 (222.517,17.2988,0)
10017 (222.517,-17.2988,0)
10018 (222.517,17.2988,26.9956)
10019 (222.517,-17.2988,26.9956)
10020 (222.517,17.2988,53.9911)
10021 (222.517,-17.2988,53.9911)
10022 (222.517,17.2988,80.9867)
10023 (222.517,-17.2988,80.9867)
10024 (222.517,17.2988,107.982)
10025 (222.517,-17.2988,107.982)
10026 (222.517,17.2988,134.978)
10027 (222.517,-17.2988,134.978)
10028 (222.517,17.2988,161.973)
10029 (222.517,-17.2988,161.973)
10030 (222.517,17.2988,188.969)
10031 (222.517,-17.2988,188.969)
10032 (222.517,17.2988,215.964)
10033 (222.517,-17.2988,215.964)
10034 (222.517,36.6975,-215.964)
10035 (222.517,-36.6975,-215.964)
10036 (222.517,36.6975,-188.969)
10037 (222.517,-36.6975,-188.969)
10038 (222.517,36.6975,-161.973)
10039 (222.517,-36.6975,-161.973)
10040 (222.517,36.6975,-134.978)
10041 (222.517,-36.6975,-134.978)
10042 (222.517,36.6975,-107.982)
10043 (222.517,-36.6975,-107.982)
10044 (222.517,36.6975,-80.9867)
10045 (222.517,-36.6975,-80.9867)
10046 (222.517,36.6975,-53.9911)
10047 (222.517,-36.6975,-53.9911)
10048 (222.517,36.6975,-26.9956)
10049 (222.517,-36.6975,-26.9956)
10050 (222.517,36.6975,0)
10051 (222.517,-36.6975,0)
10052 (222.517,36.6975,26.9956)
10053 (222.517,-36.6975,26.9956)
10054 (222.517,36.6975,53.9911)
10055 (222.517,-36.6975,53.9911)
10056 (222.517,36.6975,80.9867)
10057 (222.517,-36.6975,80.9867)
10058 (222.517,36.6975,107.982)
10059 (222.517,-36.6975,107.982)
10060 (222.517,36.6975,134.978)
10061 (222.517,-36.6975,134.978)
10062 (222.517,36.6975,161.973)
10063 (222.517,-36.6975,161.973)
10064 (222.517,36.6975,188.969)
10065 (222.517,-36.6975,188.969)
10066 (222.517,36.6975,215.964)
10067 (222.517,-36.6975,215.964)
10068 (222.517,56.0963,-215.964)
10069 (222.517,-56.0963,-215.964)
10070 (222.517,56.0963,-188.969)
10071 (222.517,-56.0963,-188.969)
10072 (222.517,56.0963,-161.973)
10073 (222.517,-56.0963,-161.973)
10074 (222.517,56.0963,-134.978)
10075 (222.517,-56.0963,-134.978)
10076 (222.517,56.0963,-107.982)
10077 (222.517,-56.0963,-107.982)
10078 (222.517,56.0963,-80.9867)
10079 (222.517,-56.0963,-80.9867)
10080 (222.517,56.0963,-53.9911)
10081 (222.517,-56.0963,-53.9911)
10082 (222.517,56.0963,-26.9956)
10083 (222.517,-56.0963,-26.9956)
10084 (222.517,56.0963,0)
10085 (222.517,-56.0963,0)
10086 (222.517,56.0963,26.9956)
10087 (222.517,-56.0963,26.9956)
10088 (222.517,56.0963,53.9911)
10089 (222.517,-56.0963,53.9911)
10090 (222.517,56.0963,80.9867)
10091 (222.517,-56.0963,80.9867)
10092 (222.517,56.0963,107.982)
10093 (222.517,-56.0963,107.982)
10094 (222.517,56.0963,134.978)
10095 (222.517,-56.0963,134.978)
10096 (222.517,56.0963,161.973)
10097 (222.517,-56.0963,161.973)
10098 (222.517,56.0963,188.969)
10099 (222.517,-56.0963,188.969)
10100 (222.517,56.0963,215.964)
10101 (222.517,-56.0963,215.964)
10102 (222.517,75.495,-215.964)
10103 (222.517,-75.495,-215.964)
10104 (222.517,75.495,-188.969)
10105 (222.517,-75.495,-188.969)
10106 (222.517,75.495,-161.973)
10107 (222.517,-75.495,-161.973)
10108 (222.517,75.495,-134.978)
10109 (222.517,-75.495,-134.978)
10110 (222.517,75.495,-107.982)
10111 (222.517,-75.495,-107.982)
10112 (222.517,75.495,-80.9867)
10113 (222.517,-75.495,-80.9867)
10114 (222.517,75.495,-53.9911)
10115 (222.517,-75.495,-53.9911)
10116 (222.517,75.495,-26.9956)
10117 (222.517,-75.495,-26.9956)
10118 (222.517,75.495,0)
10119 (222.517,-75.495,0)
10120 (222.517,75.495,26.9956)
10121 (222.517,-75.495,26.9956)
10122 (222.517,75.495,53.9911)
10123 (222.517,-75.495,53.9911)
10124 (222.517,75.495,80.9867)
10125 (222.517,-75.495,80.9867)
10126 (222.517,75.495,107.982)
10127 (222.517,-75.495,107.982)
10128 (222.517,75.495,134.978)
10129 (222.517,-75.495,134.978)
10130 (222.517,75.495,161.973)
10131 (222.517,-75.495,161.973)
10132 (222.517,75.495,188.969)
10133 (222.517,-75.495,188.969)
10134 (222.517,75.495,215.964)
10135 (222.517,-75.495,215.964)
20000 (234.137,23.2896,98.3739)
20001 (234.137,-23.2896,98.3739)
20002 (234.137,48.6792,98.3739)
20003 (234.137,-48.6792,98.3739)
20004 (234.137,74.0688,98.3739)
20005 (234.137,-74.0688,98.3739)
20006 (234.137,23.2896,-98.3739)
20007 (234.137,-23.2896,-98.3739)
20008 (234.137,48.6792,-98.3739)
20009 (234.137,-48.6792,-98.3739)
20010 (234.137,74.0688,-98.3739)
20011 (234.137,-74.0688,-98.3739)
20012 (234.137,23.2896,19.6748)
20013 (234.137,-23.2896,19.6748)
20014 (234.137,48.6792,19.6748)
20015 (234.137,-48.6792,19.6748)
20016 (234.137,74.0688,19.6748)
20017 (234.137,-74.0688,19.6748)
20018 (234.137,23.2896,-19.6748)
20019 (234.137,-23.2896,-19.6748)
20020 (234.137,48.6792,-19.6748)
20021 (234.137,-48.6792,-19.6748)
20022 (234.137,74.0688,-19.6748)
20023 (234.137,-74.0688,-19.6748)
20024 (234.137,23.2896,59.0243)
20025 (234.137,-23.2896,59.0243)
20026 (234.137,48.6792,59.0243)
20027 (234.137,-48.6792,59.0243)
20028 (234.137,74.0688,59.0243)
20029 (234.137,-74.0688,59.0243)
20030 (234.137,23.2896,-59.0243)
20031 (234.137,-23.2896,-59.0243)
20032 (234.137,48.6792,-59.0243)
20033 (234.137,-48.6792,-59.0243)
20034 (234.137,74.0688,-59.0243)
20035 (234.137,-74.0688,-59.0243)
20036 (234.137,23.2896,139.122)
20037 (234.137,-23.2896,139.122)
20038 (234.137,48.6792,139.122)
20039 (234.137,-48.6792,139.122)
20040 (234.137,74.0688,139.122)
20041 (234.137,-74.0688,139.122)
20042 (234.137,23.2896,-139.122)
20043 (234.137,-23.2896,-139.122)
20044 (234.137,48.6792,-139.122)
20045 (234.137,-48.6792,-139.122)
20046 (234.137,74.0688,-139.122)
20047 (234.137,-74.0688,-139.122)
20048 (234.137,23.2896,170.389)
20049 (234.137,-23.2896,170.389)
20050 (234.137,48.6792,170.389)
20051 (234.137,-48.6792,170.389)
20052 (234.137,74.0688,170.389)
20053 (234.137,-74.0688,170.389)
20054 (234.137,23.2896,-170.389)
20055 (234.137,-23.2896,-170.389)
20056 (234.137,48.6792,-170.389)
20057 (234.137,-48.6792,-170.389)
20058 (234.137,74.0688,-170.389)
20059 (234.137,-74.0688,-170.389)
20060 (234.137,23.2896,196.748)
20061 (234.137,-23.2896,196.748)
20062 (234.137,48.6792,196.748)
20063 (234.137,-48.6792,196.748)
20064 (234.137,74.0688,196.748)
20065 (234.137,-74.0688,196.748)
20066 (234.137,23.2896,-196.748)
20067 (234.137,-23.2896,-196.748)
20068 (234.137,48.6792,-196.748)
20069 (234.137,-48.6792,-196.748)
20070 (234.137,74.0688,-196.748)
20071 (234.137,-74.0688,-196.748)
20072 (234.137,23.2896,219.971)
20073 (234.137,-23.2896,219.971)
20074 (234.137,48.6792,219.971)
20075 (234.137,-48.6792,219.971)
20076 (234.137,74.0688,219.971)
20077 (234.137,-74.0688,219.971)
20078 (234.137,23.2896,-219.971)
20079 (234.137,-23.2896,-219.971)
20080 (234.137,48.6792,-219.971)
20081 (234.137,-48.6792,-219.971)
20082 (234.137,74.0688,-219.971)
20083 (234.137,-74.0688,-219.971)
11000 (145.111,169.575,-215.964)
11001 (169.575,145.111,-215.964)
11002 (145.111,169.575,-188.969)
11003 (169.575,145.111,-188.969)
11004 (145.111,169.575,-161.973)
11005 (169.575,145.111,-161.973)
11006 (145.111,169.575,-134.978)
11007 (169.575,145.111,-134.978)
11008 (145.111,169.575,-107.982)
11009 (169.575,145.111,-107.982)
11010 (145.111,169.575,-80.9867)
11011 (169.575,145.111,-80.9867)
11012 (145.111,169.575,-53.9911)
11013 (169.575,145.111,-53.9911)
11014 (145.111,169.575,-26.9956)
11015 (169.575,145.111,-26.9956)
11016 (145.111,169.575,0)
11017 (169.575,145.111,0)
11018 (145.111,169.575,26.9956)
11019 (169.575,145.111,26.9956)
11020 (145.111,169.575,53.9911)
11021 (169.575,145.111,53.9911)
11022 (145.111,169.575,80.9867)
11023 (169.575,145.111,80.9867)
11024 (145.111,169.575,107.982)
11025 (169.575,145.111,107.982)
11026 (145.111,169.575,134.978)
11027 (169.575,145.111,134.978)
11028 (145.111,169.575,161.973)
11029 (169.575,145.111,161.973)
11030 (145.111,169.575,188.969)
11031 (169.575,145.111,188.969)
11032 (145.111,169.575,215.964)
11033 (169.575,145.111,215.964)
11034 (131.394,183.292,-215.964)
11035 (183.292,131.394,-215.964)
11036 (131.394,183.292,-188.969)
11037 (183.292,131.394,-188.969)
11038 (131.394,183.292,-161.973)
11039 (183.292,131.394,-161.973)
11040 (131.394,183.292,-134.978)
11041 (183.292,131.394,-134.978)
11042 (131.394,183.292,-107.982)
11043 (183.292,131.394,-107.982)
11044 (131.394,183.292,-80.9867)
11045 (183.292,131.394,-80.9867)
11046 (131.394,183.292,-53.9911)
11047 (183.292,131.394,-53.9911)
11048 (131.394,183.292,-26.9956)
11049 (183.292,131.394,-26.9956)
11050 (131.394,183.292,0)
11051 (183.292,131.394,0)
11052 (131.394,183.292,26.9956)
11053 (183.292,131.394,26.9956)
11054 (131.394,183.292,53.9911)
11055 (183.292,131.394,53.9911)
11056 (131.394,183.292,80.9867)
11057 (183.292,131.394,80.9867)
11058 (131.394,183.292,107.982)
11059 (183.292,131.394,107.982)
11060 (131.394,183.292,134.978)
11061 (183.292,131.394,134.978)
11062 (131.394,183.292,161.973)
11063 (183.292,131.394,161.973)
11064 (131.394,183.292,188.969)
11065 (183.292,131.394,188.969)
11066 (131.394,183.292,215.964)
11067 (183.292,131.394,215.964)
11068 (117.677,197.009,-215.964)
11069 (197.009,117.677,-215.964)
11070 (117.677,197.009,-188.969)
11071 (197.009,117.677,-188.969)
11072 (117.677,197.009,-161.973)
11073 (197.009,117.677,-161.973)
11074 (117.677,197.009,-134.978)
11075 (197.009,117.677,-134.978)
11076 (117.677,197.009,-107.982)
11077 (197.009,117.677,-107.982)
11078 (117.677,197.009,-80.9867)
11079 (197.009,117.677,-80.9867)
11080 (117.677,197.009,-53.9911)
11081 (197.009,117.677,-53.9911)
11082 (117.677,197.009,-26.9956)
11083 (197.009,117.677,-26.9956)
11084 (117.677,197.009,0)
11085 (197.009,117.677,0)
11086 (117.677,197.009,26.9956)
11087 (197.009,117.677,26.9956)
11088 (117.677,197.009,53.9911)
11089 (197.009,117.677,53.9911)
11090 (117.677,197.009,80.9867)
11091 (197.009,117.677,80.9867)
11092 (117.677,197.009,107.982)
11093 (197.009,117.677,107.982)
11094 (117.677,197.009,134.978)
11095 (197.009,117.677,134.978)
11096 (117.677,197.009,161.973)
11097 (197.009,117.677,161.973)
11098 (117.677,197.009,188.969)
11099 (197.009,117.677,188.969)
11100 (117.677,197.009,215.964)
11101 (197.009,117.677,215.964)
11102 (103.96,210.726,-215.964)
11103 (210.726,103.96,-215.964)
11104 (103.96,210.726,-188.969)
11105 (210.726,103.96,-188.969)
11106 (103.96,210.726,-161.973)
11107 (210.726,103.96,-161.973)
11108 (103.96,210.726,-134.978)
11109 (210.726,103.96,-134.978)
11110 (103.96,210.726,-107.982)
11111 (210.726,103.96,-107.982)
11112 (103.96,210.726,-80.9867)
11113 (210.726,103.96,-80.9867)
11114 (103.96,210.726,-53.9911)
11115 (210.726,103.96,-53.9911)
11116 (103.96,210.726,-26.9956)
11117 (210.726,103.96,-26.9956)
11118 (103.96,210.726,0)
11119 (210.726,103.96,0)
11120 (103.96,210.726,26.9956)
11121 (210.726,103.96,26.9956)
11122 (103.96,210.726,53.9911)
11123 (210.726,103.96,53.9911)
11124 (103.96,210.726,80.9867)
11125 (210.726,103.96,80.9867)
11126 (103.96,210.726,107.982)
11127 (210.726,103.96,107.982)
11128 (103.96,210.726,134.978)
11129 (210.726,103.96,134.978)
11130 (103.96,210.726,161.973)
11131 (210.726,103.96,161.973)
11132 (103.96,210.726,188.969)
11133 (210.726,103.96,188.969)
11134 (103.96,210.726,215.964)
11135 (210.726,103.96,215.964)
21000 (149.092,182.028,98.3739)
21001 (182.028,149.092,98.3739)
21002 (131.138,199.981,98.3739)
21003 (199.981,131.138,98.3739)
21004 (113.185,217.934,98.3739)
21005 (217.934,113.185,98.3739)
21006 (149.092,182.028,-98.3739)
21007 (182.028,149.092,-98.3739)
21008 (131.138,199.981,-98.3739)
21009 (199.981,131.138,-98.3739)
21010 (113.185,217.934,-98.3739)
21011 (217.934,113.185,-98.3739)
21012 (149.092,182.028,19.6748)
21013 (182.028,149.092,19.6748)
21014 (131.138,199.981,19.6748)
21015 (199.981,131.138,19.6748)
21016 (113.185,217.934,19.6748)
21017 (217.934,113.185,19.6748)
21018 (149.092,182.028,-19.6748)
21019 (182.028,149.092,-19.6748)
21020 (131.138,199.981,-19.6748)
21021 (199.981,131.138,-19.6748)
21022 (113.185,217.934,-19.6748)
21023 (217.934,113.185,-19.6748)
21024 (149.092,182.028,59.0243)
21025 (182.028,149.092,59.0243)
21026 (131.138,199.981,59.0243)
21027 (199.981,131.138,59.0243)
21028 (113.185,217.934,59.0243)
21029 (217.934,113.185,59.0243)
21030 (149.092,182.028,-59.0243)
21031 (182.028,149.092,-59.0243)
21032 (131.138,199.981,-59.0243)
21033 (199.981,131.138,-59.0243)
21034 (113.185,217.934,-59.0243)
21035 (217.934,113.185,-59.0243)
21036 (149.092,182.028,139.122)
21037 (182.028,149.092,139.122)
21038 (131.138,199.981,139.122)
21039 (199.981,131.138,139.122)
21040 (113.185,217.934,139.122)
21041 (217.934,113.185,139.122)
21042 (149.092,182.028,-139.122)
21043 (182.028,149.092,-139.122)
21044 (131.138,199.981,-139.122)
21045 (199.981,131.138,-139.122)
21046 (113.185,217.934,-139.122)
21047 (217.934,113.185,-139.122)
21048 (149.092,182.028,170.389)
21049 (182.028,149.092,170.389)
21050 (131.138,199.981,170.389)
21051 (199.981,131.138,170.389)
21052 (113.185,217.934,170.389)
21053 (217.934,113.185,170.389)
21054 (149.092,182.028,-170.389)
21055 (182.028,149.092,-170.389)
21056 (131.138,199.981,-170.389)
21057 (199.981,131.138,-170.389)
21058 (113.185,217.934,-170.389)
21059 (217.934,113.185,-170.389)
21060 (149.092,182.028,196.748)
21061 (182.028,149.092,196.748)
21062 (131.138,199.981,196.748)
21063 (199.981,131.138,196.748)
21064 (113.185,217.934,196.748)
21065 (217.934,113.185,196.748)
21066 (149.092,182.028,-196.748)
21067 (182.028,149.092,-196.748)
21068 (131.138,199.981,-196.748)
21069 (199.981,131.138,-196.748)
21070 (113.185,217.934,-196.748)
21071 (217.934,113.185,-196.748)
21072 (149.092,182.028,219.971)
21073 (182.028,149.092,219.971)
21074 (131.138,199.981,219.971)
21075 (199.981,131.138,219.971)
21076 (113.185,217.934,219.971)
21077 (217.934,113.185,219.971)
21078 (149.092,182.028,-219.971)
21079 (182.028,149.092,-219.971)
21080 (131.138,199.981,-219.971)
21081 (199.981,131.138,-219.971)
21082 (113.185,217.934,-219.971)
21083 (217.934,113.185,-219.971)
12000 (-17.2988,222.517,-215.964)
12001 (17.2988,222.517,-215.964)
12002 (-17.2988,222.517,-188.969)
12003 (17.2988,222.517,-188.969)
12004 (-17.2988,222.517,-161.973)
12005 (17.2988,222.517,-161.973)
12006 (-17.2988,222.517,-134.978)
12007 (17.2988,222.517,-134.978)
12008 (-17.2988,222.517,-107.982)
12009 (17.2988,222.517,-107.982)
12010 (-17.2988,222.517,-80.9867)
12011 (17.2988,222.517,-80.9867)
12012 (-17.2988,222.517,-53.9911)
12013 (17.2988,222.517,-53.9911)
12014 (-17.2988,222.517,-26.9956)
12015 (17.2988,222.517,-26.9956)
12016 (-17.2988,222.517,0)
12017 (17.2988,222.517,0)
12018 (-17.2988,222.517,26.9956)
12019 (17.2988,222.517,26.9956)
12020 (-17.2988,222.517,53.9911)
12021 (17.2988,222.517,53.9911)
12022 (-17.2988,222.517,80.9867)
12023 (17.2988,222.517,80.9867)
12024 (-17.2988,222.517,107.982)
12025 (17.2988,222.517,107.982)
12026 (-17.2988,222.517,134.978)
12027 (17.2988,222.517,134.978)
12028 (-17.2988,222.517,161.973)
12029 (17.2988,222.517,161.973)
12030 (-17.2988,222.517,188.969)
12031 (17.2988,222.517,188.969)
12032 (-17.2988,222.517,215.964)
12033 (17.2988,222.517,215.964)
12034 (-36.6975,222.517,-215.964)
12035 (36.6975,222.517,-215.964)
12036 (-36.6975,222.517,-188.969)
12037 (36.6975,222.517,-188.969)
12038 (-36.6975,222.517,-161.973)
12039 (36.6975,222.517,-161.973)
12040 (-36.6975,222.517,-134.978)
12041 (36.6975,222.517,-134.978)
12042 (-36.6975,222.517,-107.982)
12043 (36.6975,222.517,-107.982)
12044 (-36.6975,222.517,-80.9867)
12045 (36.6975,222.517,-80.9867)
12046 (-36.6975,222.517,-53.9911)
12047 (36.6975,222.517,-53.9911)
12048 (-36.6975,222.517,-26.9956)
12049 (36.6975,222.517,-26.9956)
12050 (-36.6975,222.517,0)
12051 (36.6975,222.517,0)
12052 (-36.6975,222.517,26.9956)
12053 (36.6975,222.517,26.9956)
12054 (-36.6975,222.517,53.9911)
12055 (36.6975,222.517,53.9911)
12056 (-36.6975,222.517,80.9867)
12057 (36.6975,222.517,80.9867)
12058 (-36.6975,222.517,107.982)
12059 (36.6975,222.517,107.982)
12060 (-36.6975,222.517,134.978)
12061 (36.6975,222.517,134.978)
12062 (-36.6975,222.517,161.973)
12063 (36.6975,222.517,161.973)
12064 (-36.6975,222.517,188.969)
12065 (36.6975,222.517,188.969)
12066 (-36.6975,222.517,215.964)
12067 (36.6975,222.517,215.964)
12068 (-56.0963,222.517,-215.964)
12069 (56.0963,222.517,-215.964)
12070 (-56.0963,222.517,-188.969)
12071 (56.0963,222.517,-188.969)
12072 (-56.0963,222.517,-161.973)
12073 (56.0963,222.517,-161.973)
12074 (-56.0963,222.517,-134.978)
12075 (56.0963,222.517,-134.978)
12076 (-56.0963,222.517,-107.982)
12077 (56.0963,222.517,-107.982)
12078 (-56.0963,222.517,-80.9867)
12079 (56.0963,222.517,-80.9867)
12080 (-56.0963,222.517,-53.9911)
12081 (56.0963,222.517,-53.9911)
12082 (-56.0963,222.517,-26.9956)
12083 (56.0963,222.517,-26.9956)
12084 (-56.0963,222.517,0)
12085 (56.0963,222.517,0)
12086 (-56.0963,222.517,26.9956)
12087 (56.0963,222.517,26.9956)
12088 (-56.0963,222.517,53.9911)
12089 (56.0963,222.517,53.9911)
12090 (-56.0963,222.517,80.9867)
12091 (56.0963,222.517,80.9867)
12092 (-56.0963,222.517,107.982)
12093 (56.0963,222.517,107.982)
12094 (-56.0963,222.517,134.978)
12095 (56.0963,222.517,134.978)
12096 (-56.0963,222.517,161.973)
12097 (56.0963,222.517,161.973)
12098 (-56.0963,222.517,188.969)
12099 (56.0963,222.517,188.969)
12100 (-56.0963,222.517,215.964)
12101 (56.0963,222.517,215.964)
12102 (-75.495,222.517,-215.964)
12103 (75.495,222.517,-215.964)
12104 (-75.495,222.517,-188.969)
12105 (75.495,222.517,-188.969)
12106 (-75.495,222.517,-161.973)
12107 (75.495,222.517,-161.973)
12108 (-75.495,222.517,-134.978)
12109 (75.495,222.517,-134.978)
12110 (-75.495,222.517,-107.982)
12111 (75.495,222.517,-107.982)
12112 (-75.495,222.517,-80.9867)
12113 (75.495,222.517,-80.9867)
12114 (-75.495,222.517,-53.9911)
12115 (75.495,222.517,-53.9911)
12116 (-75.495,222.517,-26.9956)
12117 (75.495,222.517,-26.9956)
12118 (-75.495,222.517,0)
12119 (75.495,222.517,0)
12120 (-75.495,222.517,26.9956)
12121 (75.495,222.517,26.9956)
12122 (-75.495,222.517,53.9911)
12123 (75.495,222.517,53.9911)
12124 (-75.495,222.517,80.9867)
12125 (75.495,222.517,80.9867)
12126 (-75.495,222.517,107.982)
12127 (75.495,222.517,107.982)
12128 (-75.495,222.517,134.978)
12129 (75.495,222.517,134.978)
12130 (-75.495,222.517,161.973)
12131 (75.495,222.517,161.973)
12132 (-75.495,222.517,188.969)
12133 (75.495,222.517,188.969)
12134 (-75.495,222.517,215.964)
12135 (75.495,222.517,215.964)
22000 (-23.2896,234.137,98.3739)
22001 (23.2896,234.137,98.3739)
22002 (-48.6792,234.137,98.3739)
22003 (48.6792,234.137,98.3739)
22004 (-74.0688,234.137,98.3739)
22005 (74.0688,234.137,98.3739)
22006 (-23.2896,234.137,-98.3739)
22007 (23.2896,234.137,-98.3739)
22008 (-48.6792,234.137,-98.3739)
22009 (48.6792,234.137,-98.3739)
22010 (-74.0688,234.137,-98.3739)
22011 (74.0688,234.137,-98.3739)
22012 (-23.2896,234.137,19.6748)
22013 (23.2896,234.137,19.6748)
22014 (-48.6792,234.137,19.6748)
22015 (48.6792,234.137,19.6748)
22016 (-74.0688,234.137,19.6748)
22017 (74.0688,234.137,19.6748)
22018 (-23.2896,234.137,-19.6748)
22019 (23.2896,234.137,-19.6748)
22020 (-48.6792,234.137,-19.6748)
22021 (48.6792,234.137,-19.6748)
22022 (-74.0688,234.137,-19.6748)
22023 (74.0688,234.137,-19.6748)
22024 (-23.2896,234.137,59.0243)
22025 (23.2896,234.137,59.0243)
22026 (-48.6792,234.137,59.0243)
22027 (48.6792,234.137,59.0243)
22028 (-74.0688,234.137,59.0243)
22029 (74.0688,234.137,59.0243)
22030 (-23.2896,234.137,-59.0243)
22031 (23.2896,234.137,-59.0243)
22032 (-48.6792,234.137,-59.0243)
22033 (48.6792,234.137,-59.0243)
22034 (-74.0688,234.137,-59.0243)
22035 (74.0688,234.137,-59.0243)
22036 (-23.2896,234.137,139.122)
22037 (23.2896,234.137,139.122)
22038 (-48.6792,234.137,139.122)
22039 (48.6792,234.137,139.122)
22040 (-74.0688,234.137,139.122)
22041 (74.0688,234.137,139.122)
22042 (-23.2896,234.137,-139.122)
22043 (23.2896,234.137,-139.122)
22044 (-48.6792,234.137,-139.122)
22045 (48.6792,234.137,-139.122)
22046 (-74.0688,234.137,-139.122)
22047 (74.0688,234.137,-139.122)
22048 (-23.2896,234.137,170.389)
22049 (23.2896,234.137,170.389)
22050 (-48.6792,234.137,170.389)
22051 (48.6792,234.137,170.389)
22052 (-74.0688,234.137,170.389)
22053 (74.0688,234.137,170.389)
22054 (-23.2896,234.137,-170.389)
22055 (23.2896,234.137,-170.389)
22056 (-48.6792,234.137,-170.389)
22057 (48.6792,234.137,-170.389)
22058 (-74.0688,234.137,-170.389)
22059 (74.0688,234.137,-170.389)
22060 (-23.2896,234.137,196.748)
22061 (23.2896,234.137,196.748)
22062 (-48.6792,234.137,196.748)
22063 (48.6792,234.137,196.748)
22064 (-74.0688,234.137,196.748)
22065 (74.0688,234.137,196.748)
22066 (-23.2896,234.137,-196.748)
22067 (23.2896,234.137,-196.748)
22068 (-48.6792,234.137,-196.748)
22069 (48.6792,234.137,-196.748)
22070 (-74.0688,234.137,-196.748)
22071 (74.0688,234.137,-196.748)
22072 (-23.2896,234.137,219.971)
22073 (23.2896,234.137,219.971)
22074 (-48.6792,234.137,219.971)
22075 (48.6792,234.137,219.971)
22076 (-74.0688,234.137,219.971)
22077 (74.0688,234.137,219.971)
22078 (-23.2896,234.137,-219.971)
22079 (23.2896,234.137,-219.971)
22080 (-48.6792,234.137,-219.971)
22081 (48.6792,234.137,-219.971)
22082 (-74.0688,234.137,-219.971)
22083 (74.0688,234.137,-219.971)
13000 (-169.575,145.111,-215.964)
13001 (-145.111,169.575,-215.964)
13002 (-169.575,145.111,-188.969)
13003 (-145.111,169.575,-188.969)
13004 (-169.575,145.111,-161.973)
13005 (-145.111,169.575,-161.973)
13006 (-169.575,145.111,-134.978)
13007 (-145.111,169.575,-134.978)
13008 (-169.575,145.111,-107.982)
13009 (-145.111,169.575,-107.982)
13010 (-169.575,145.111,-80.9867)
13011 (-145.111,169.575,-80.9867)
13012 (-169.575,145.111,-53.9911)
13013 (-145.111,169.575,-53.9911)
13014 (-169.575,145.111,-26.9956)
13015 (-145.111,169.575,-26.9956)
13016 (-169.575,145.111,0)
13017 (-145.111,169.575,0)
13018 (-169.575,145.111,26.9956)
13019 (-145.111,169.575,26.9956)
13020 (-169.575,145.111,53.9911)
13021 (-145.111,169.575,53.9911)
13022 (-169.575,145.111,80.9867)
13023 (-145.111,169.575,80.9867)
13024 (-169.575,145.111,107.982)
13025 (-145.111,169.575,107.982)
13026 (-169.575,145.111,134.978)
13027 (-145.111,169.575,134.978)
13028 (-169.575,145.111,161.973)
13029 (-145.111,169.575,161.973)
13030 (-169.575,145.111,188.969)
13031 (-145.111,169.575,188.969)
13032 (-169.575,145.111,215.964)
13033 (-145.111,169.575,215.964)
13034 (-183.292,131.394,-215.964)
13035 (-131.394,183.292,-215.964)
13036 (-183.292,131.394,-188.969)
13037 (-131.394,183.292,-188.969)
13038 (-183.292,131.394,-161.973)
13039 (-131.394,183.292,-161.973)
13040 (-183.292,131.394,-134.978)
13041 (-131.394,183.292,-134.978)
13042 (-183.292,131.394,-107.982)
13043 (-131.394,183.292,-107.982)
13044 (-183.292,131.394,-80.9867)
13045 (-131.394,183.292,-80.9867)
13046 (-183.292,131.394,-53.9911)
13047 (-131.394,183.292,-53.9911)
13048 (-183.292,131.394,-26.9956)
13049 (-131.394,183.292,-26.9956)
13050 (-183.292,131.394,0)
13051 (-131.394,183.292,0)
13052 (-183.292,131.394,26.9956)
13053 (-131.394,183.292,26.9956)
13054 (-183.292,131.394,53.9911)
13055 (-131.394,183.292,53.9911)
13056 (-183.292,131.394,80.9867)
13057 (-131.394,183.292,80.9867)
13058 (-183.292,131.394,107.982)
13059 (-131.394,183.292,107.982)
13060 (-183.292,131.394,134.978)
13061 (-131.394,183.292,134.978)
13062 (-183.292,131.394,161.973)
13063 (-131.394,183.292,161.973)
13064 (-183.292,131.394,188.969)
13065 (-131.394,183.292,188.969)
13066 (-183.292,131.394,215.964)
13067 (-131.394,183.292,215.964)
13068 (-197.009,117.677,-215.964)
13069 (-117.677,197.009,-215.964)
13070 (-197.009,117.677,-188.969)
13071 (-117.677,197.009,-188.969)
13072 (-197.009,117.677,-161.973)
13073 (-117.677,197.009,-161.973)
13074 (-197.009,117.677,-134.978)
13075 (-117.677,197.009,-134.978)
13076 (-197.009,117.677,-107.982)
13077 (-117.677,197.009,-107.982)
13078 (-197.009,117.677,-80.9867)
13079 (-117.677,197.009,-80.9867)
13080 (-197.009,117.677,-53.9911)
13081 (-117.677,197.009,-53.9911)
13082 (-197.009,117.677,-26.9956)
13083 (-117.677,197.009,-26.9956)
13084 (-197.009,117.677,0)
13085 (-117.677,197.009,0)
13086 (-197.009,117.677,26.9956)
13087 (-117.677,197.009,26.9956)
13088 (-197.009,117.677,53.9911)
13089 (-117.677,197.009,53.9911)
13090 (-197.009,117.677,80.9867)
13091 (-117.677,197.009,80.9867)
13092 (-197.009,117.677,107.982)
13093 (-117.677,197.009,107.982)
13094 (-197.009,117.677,134.978)
13095 (-117.677,197.009,134.978)
13096 (-197.009,117.677,161.973)
13097 (-117.677,197.009,161.973)
13098 (-197.009,117.677,188.969)
13099 (-117.677,197.009,188.969)
13100 (-197.009,117.677,215.964)
13101 (-117.677,197.009,215.964)
13102 (-210.726,103.96,-215.964)
13103 (-103.96,210.726,-215.964)
13104 (-210.726,103.96,-188.969)
13105 (-103.96,210.726,-188.969)
13106 (-210.726,103.96,-161.973)
13107 (-103.96,210.726,-161.973)
13108 (-210.726,103.96,-134.978)
13109 (-103.96,210.726,-134.978)
13110 (-210.726,103.96,-107.982)
13111 (-103.96,210.726,-107.982)
13112 (-210.726,103.96,-80.9867)
13113 (-103.96,210.726,-80.9867)
13114 (-210.726,103.96,-53.9911)
13115 (-103.96,210.726,-53.9911)
13116 (-210.726,103.96,-26.9956)
13117 (-103.96,210.726,-26.9956)
13118 (-210.726,103.96,0)
13119 (-103.96,210.726,0)
13120 (-210.726,103.96,26.9956)
13121 (-103.96,210.726,26.9956)
13122 (-210.726,103.96,53.9911)
13123 (-103.96,210.726,53.9911)
13124 (-210.726,103.96,80.9867)
13125 (-103.96,210.726,80.9867)
13126 (-210.726,103.96,107.982)
13127 (-103.96,210.726,107.982)
13128 (-210.726,103.96,134.978)
13129 (-103.96,210.726,134.978)
13130 (-210.726,103.96,161.973)
13131 (-103.96,210.726,161.973)
13132 (-210.726,103.96,188.969)
13133 (-103.96,210.726,188.969)
13134 (-210.726,103.96,215.964)
13135 (-103.96,210.726,215.964)
23000 (-182.028,149.092,98.3739)
23001 (-149.092,182.028,98.3739)
23002 (-199.981,131.138,98.3739)
23003 (-131.138,199.981,98.3739)
23004 (-217.934,113.185,98.3739)
23005 (-113.185,217.934,98.3739)
23006 (-182.028,149.092,-98.3739)
23007 (-149.092,182.028,-98.3739)
23008 (-199.981,131.138,-98.3739)
23009 (-131.138,199.981,-98.3739)
23010 (-217.934,113.185,-98.3739)
23011 (-113.185,217.934,-98.3739)
23012 (-182.028,149.092,19.6748)
23013 (-149.092,182.028,19.6748)
23014 (-199.981,131.138,19.6748)
23015 (-131.138,199.981,19.6748)
23016 (-217.934,113.185,19.6748)
23017 (-113.185,217.934,19.6748)
23018 (-182.028,149.092,-19.6748)
23019 (-149.092,182.028,-19.6748)
23020 (-199.981,131.138,-19.6748)
23021 (-131.138,199.981,-19.6748)
23022 (-217.934,113.185,-19.6748)
23023 (-113.185,217.934,-19.6748)
23024 (-182.028,149.092,59.0243)
23025 (-149.092,182.028,59.0243)
23026 (-199.981,131.138,59.0243)
23027 (-131.138,199.981,59.0243)
23028 (-217.934,113.185,59.0243)
23029 (-113.185,217.934,59.0243)
23030 (-182.028,149.092,-59.0243)
23031 (-149.092,182.028,-59.0243)
23032 (-199.981,131.138,-59.0243)
23033 (-131.138,199.981,-59.0243)
23034 (-217.934,113.185,-59.0243)
23035 (-113.185,217.934,-59.0243)
23036 (-182.028,149.092,139.122)
23037 (-149.092,182.028,139.122)
23038 (-199.981,131.138,139.122)
23039 (-131.138,199.981,139.122)
23040 (-217.934,113.185,139.122)
23041 (-113.185,217.934,139.122)
23042 (-182.028,149.092,-139.122)
23043 (-149.092,182.028,-139.122)
23044 (-199.981,131.138,-139.122)
23045 (-131.138,199.981,-139.122)
23046 (-217.934,113.185,-139.122)
23047 (-113.185,217.934,-139.122)
23048 (-182.028,149.092,170.389)
23049 (-149.092,182.028,170.389)
23050 (-199.981,131.138,170.389)
23051 (-131.138,199.981,170.389)
23052 (-217.934,113.185,170.389)
23053 (-113.185,217.934,170.389)
23054 (-182.028,149.092,-170.389)
23055 (-149.092,182.028,-170.389)
23056 (-199.981,131.138,-170.389)
23057 (-131.138,199.981,-170.389)
23058 (-217.934,113.185,-170.389)
23059 (-113.185,217.934,-170.389)
23060 (-182.028,149.092,196.748)
23061 (-149.092,182.028,196.748)
23062 (-199.981,131.138,196.748)
23063 (-131.138,199.981,196.748)
23064 (-217.934,113.185,196.748)
23065 (-113.185,217.934,196.748)
23066 (-182.028,149.092,-196.748)
23067 (-149.092,182.028,-196.748)
23068 (-199.981,131.138,-196.748)
23069 (-131.138,199.981,-196.748)
23070 (-217.934,113.185,-196.748)
23071 (-113.185,217.934,-196.748)
23072 (-182.028,149.092,219.971)
23073 (-149.092,182.028,219.971)
23074 (-199.981,131.138,219.971)
23075 (-131.138,199.981,219.971)
23076 (-217.934,113.185,219.971)
23077 (-113.185,217.934,219.971)
23078 (-182.028,149.092,-219.971)
23079 (-149.092,182.028,-219.971)
23080 (-199.981,131.138,-219.971)
23081 (-131.138,199.981,-219.971)
23082 (-217.934,113.185,-219.971)
23083 (-113.185,217.934,-219.971)
14000 (-222.517,-17.2988,-215.964)
14001 (-222.517,17.2988,-215.964)
14002 (-222.517,-17.2988,-188.969)
14003 (-222.517,17.2988,-188.969)
14004 (-222.517,-17.2988,-161.973)
14005 (-222.517,17.2988,-161.973)
14006 (-222.517,-17.2988,-134.978)
14007 (-222.517,17.2988,-134.978)
14008 (-222.517,-17.2988,-107.982)
14009 (-222.517,17.2988,-107.982)
14010 (-222.517,-17.2988,-80.9867)
14011 (-222.517,17.2988,-80.9867)
14012 (-222.517,-17.2988,-53.9911)
14013 (-222.517,17.2988,-53.9911)
14014 (-222.517,-17.2988,-26.9956)
14015 (-222.517,17.2988,-26.9956)
14016 (-222.517,-17.2988,0)
14017 (-222.517,17.2988,0)
14018 (-222.517,-17.2988,26.9956)
14019 (-222.517,17.2988,26.9956)
14020 (-222.517,-17.2988,53.9911)
14021 (-222.517,17.2988,53.9911)
14022 (-222.517,-17.2988,80.9867)
14023 (-222.517,17.2988,80.9867)
14024 (-222.517,-17.2988,107.982)
14025 (-222.517,17.2988,107.982)
14026 (-222.517,-17.2988,134.978)
14027 (-222.517,17.2988,134.978)
14028 (-222.517,-17.2988,161.973)
14029 (-222.517,17.2988,161.973)
14030 (-222.517,-17.2988,188.969)
14031 (-222.517,17.2988,188.969)
14032 (-222.517,-17.2988,215.964)
14033 (-222.517,17.2988,215.964)
14034 (-222.517,-36.6975,-215.964)
14035 (-222.517,36.6975,-215.964)
14036 (-222.517,-36.6975,-188.969)
14037 (-222.517,36.6975,-188.969)
14038 (-222.517,-36.6975,-161.973)
14039 (-222.517,36.6975,-161.973)
14040 (-222.517,-36.6975,-134.978)
14041 (-222.517,36.6975,-134.978)
14042 (-222.517,-36.6975,-107.982)
14043 (-222.517,36.6975,-107.982)
14044 (-222.517,-36.6975,-80.9867)
14045 (-222.517,36.6975,-80.9867)
14046 (-222.517,-36.6975,-53.9911)
14047 (-222.517,36.6975,-53.9911)
14048 (-222.517,-36.6975,-26.9956)
14049 (-222.517,36.6975,-26.9956)
14050 (-222.517,-36.6975,0)
14051 (-222.517,36.6975,0)
14052 (-222.517,-36.6975,26.9956)
14053 (-222.517,36.6975,26.9956)
14054 (-222.517,-36.6975,53.9911)
14055 (-222.517,36.6975,53.9911)
14056 (-222.517,-36.6975,80.9867)
14057 (-222.517,36.6975,80.9867)
14058 (-222.517,-36.6975,107.982)
14059 (-222.517,36.6975,107.982)
14060 (-222.517,-36.6975,134.978)
14061 (-222.517,36.6975,134.978)
14062 (-222.517,-36.6975,161.973)
14063 (-222.517,36.6975,161.973)
14064 (-222.517,-36.6975,188.969)
14065 (-222.517,36.6975,188.969)
14066 (-222.517,-36.6975,215.964)
14067 (-222.517,36.6975,215.964)
14068 (-222.517,-56.0963,-215.964)
14069 (-222.517,56.0963,-215.964)
14070 (-222.517,-56.0963,-188.969)
14071 (-222.517,56.0963,-188.969)
14072 (-222.517,-56.0963,-161.973)
14073 (-222.517,56.0963,-161.973)
14074 (-222.517,-56.0963,-134.978)
14075 (-222.517,56.0963,-134.978)
14076 (-222.517,-56.0963,-107.982)
14077 (-222.517,56.0963,-107.982)
14078 (-222.517,-56.0963,-80.9867)
14079 (-222.517,56.0963,-80.9867)
14080 (-222.517,-56.0963,-53.9911)
14081 (-222.517,56.0963,-53.9911)
14082 (-222.517,-56.0963,-26.9956)
14083 (-222.517,56.0963,-26.9956)
14084 (-222.517,-56.0963,0)
14085 (-222.517,56.0963,0)
14086 (-222.517,-56.0963,26.9956)
14087 (-222.517,56.0963,26.9956)
14088 (-222.517,-56.0963,53.9911)
14089 (-222.517,56.0963,53.9911)
14090 (-222.517,-56.0963,80.9867)
14091 (-222.517,56.0963,80.9867)
14092 (-222.517,-56.0963,107.982)
14093 (-222.517,56.0963,107.982)
14094 (-222.517,-56.0963,134.978)
14095 (-222.517,56.0963,134.978)
14096 (-222.517,-56.0963,161.973)
14097 (-222.517,56.0963,161.973)
14098 (-222.517,-56.0963,188.969)
14099 (-222.517,56.0963,188.969)
14100 (-222.517,-56.0963,215.964)
14101 (-222.517,56.0963,215.964)
14102 (-222.517,-75.495,-215.964)
14103 (-222.517,75.495,-215.964)
14104 (-222.517,-75.495,-188.969)
14105 (-222.517,75.495,-188.969)
14106 (-222.517,-75.495,-161.973)
14107 (-222.517,75.495,-161.973)
14108 (-222.517,-75.495,-134.978)
14109 (-222.517,75.495,-134.978)
14110 (-222.517,-75.495,-107.982)
14111 (-222.517,75.495,-107.982)
14112 (-222.517,-75.495,-80.9867)
14113 (-222.517,75.495,-80.9867)
14114 (-222.517,-75.495,-53.9911)
14115 (-222.517,75.495,-53.9911)
14116 (-222.517,-75.495,-26.9956)
14117 (-222.517,75.495,-26.9956)
14118 (-222.517,-75.495,0)
14119 (-222.517,75.495,0)
14120 (-222.517,-75.495,26.9956)
14121 (-222.517,75.495,26.9956)
14122 (-222.517,-75.495,53.9911)
14123 (-222.517,75.495,53.9911)
14124 (-222.517,-75.495,80.9867)
14125 (-222.517,75.495,80.9867)
14126 (-222.517,-75.495,107.982)
14127 (-222.517,75.495,107.982)
14128 (-222.517,-75.495,134.978)
14129 (-222.517,75.495,134.978)
14130 (-222.517,-75.495,161.973)
14131 (-222.517,75.495,161.973)
14132 (-222.517,-75.495,188.969)
14133 (-222.517,75.495,188.969)
14134 (-222.517,-75.495,215.964)
14135 (-222.517,75.495,215.964)
24000 (-234.137,-23.2896,98.3739)
24001 (-234.137,23.2896,98.3739)
24002 (-234.137,-48.6792,98.3739)
24003 (-234.137,48.6792,98.3739)
24004 (-234.137,-74.0688,98.3739)
24005 (-234.137,74.0688,98.3739)
24006 (-234.137,-23.2896,-98.3739)
24007 (-234.137,23.2896,-98.3739)
24008 (-234.137,-48.6792,-98.3739)
24009 (-234.137,48.6792,-98.3739)
24010 (-234.137,-74.0688,-98.3739)
24011 (-234.137,74.0688,-98.3739)
24012 (-234.137,-23.2896,19.6748)
24013 (-234.137,23.2896,19.6748)
24014 (-234.137,-48.6792,19.6748)
24015 (-234.137,48.6792,19.6748)
24016 (-234.137,-74.0688,19.6748)
24017 (-234.137,74.0688,19.6748)
24018 (-234.137,-23.2896,-19.6748)
24019 (-234.137,23.2896,-19.6748)
24020 (-234.137,-48.6792,-19.6748)
24021 (-234.137,48.6792,-19.6748)
24022 (-234.137,-74.0688,-19.6748)
24023 (-234.137,74.0688,-19.6748)
24024 (-234.137,-23.2896,59.0243)
24025 (-234.137,23.2896,59.0243)
24026 (-234.137,-48.6792,59.0243)
24027 (-234.137,48.6792,59.0243)
24028 (-234.137,-74.0688,59.0243)
24029 (-234.137,74.0688,59.0243)
24030 (-234.137,-23.2896,-59.0243)
24031 (-234.137,23.2896,-59.0243)
24032 (-234.137,-48.6792,-59.0243)
24033 (-234.137,48.6792,-59.0243)
24034 (-234.137,-74.0688,-59.0243)
24035 (-234.137,74.0688,-59.0243)
24036 (-234.137,-23.2896,139.122)
24037 (-234.137,23.2896,139.122)
24038 (-234.137,-48.6792,139.122)
24039 (-234.137,48.6792,139.122)
24040 (-234.137,-74.0688,139.122)
24041 (-234.137,74.0688,139.122)
24042 (-234.137,-23.2896,-139.122)
24043 (-234.137,23.2896,-139.122)
24044 (-234.137,-48.6792,-139.122)
24045 (-234.137,48.6792,-139.122)
24046 (-234.137,-74.0688,-139.122)
24047 (-234.137,74.0688,-139.122)
24048 (-234.137,-23.2896,170.389)
24049 (-234.137,23.2896,170.389)
24050 (-234.137,-48.6792,170.389)
24051 (-234.137,48.6792,170.389)
24052 (-234.137,-74.0688,170.389)
24053 (-234.137,74.0688,170.389)
24054 (-234.137,-23.2896,-170.389)
24055 (-234.137,23.2896,-170.389)
24056 (-234.137,-48.6792,-170.389)
24057 (-234.137,48.6792,-170.389)
24058 (-234.137,-74.0688,-170.389)
24059 (-234.137,74.0688,-170.389)
24060 (-234.137,-23.2896,196.748)
24061 (-234.137,23.2896,196.748)
24062 (-234.137,-48.6792,196.748)
24063 (-234.137,48.6792,196.748)
24064 (-234.137,-74.0688,196.748)
24065 (-234.137,74.0688,196.748)
24066 (-234.137,-23.2896,-196.748)
24067 (-234.137,23.2896,-196.748)
24068 (-234.137,-48.6792,-196.748)
24069 (-234.137,48.6792,-196.748)
24070 (-234.137,-74.0688,-196.748)
24071 (-234.137,74.0688,-196.748)
24072 (-234.137,-23.2896,219.971)
24073 (-234.137,23.2896,219.971)
24074 (-234.137,-48.6792,219.971)
24075 (-234.137,48.6792,219.971)
24076 (-234.137,-74.0688,219.971)
24077 (-234.137,74.0688,219.971)
24078 (-234.137,-23.2896,-219.971)
24079 (-234.137,23.2896,-219.971)
24080 (-234.137,-48.6792,-219.971)
24081 (-234.137,48.6792,-219.971)
24082 (-234.137,-74.0688,-219.971)
24083 (-234.137,74.0688,-219.971)
15000 (-145.111,-169.575,-215.964)
15001 (-169.575,-145.111,-215.964)
15002 (-145.111,-169.575,-188.969)
15003 (-169.575,-145.111,-188.969)
15004 (-145.111,-169.575,-161.973)
15005 (-169.575,-145.111,-161.973)
15006 (-145.111,-169.575,-134.978)
15007 (-169.575,-145.111,-134.978)
15008 (-145.111,-169.575,-107.982)
15009 (-169.575,-145.111,-107.982)
15010 (-145.111,-169.575,-80.9867)
15011 (-169.575,-145.111,-80.9867)
15012 (-145.111,-169.575,-53.9911)
15013 (-169.575,-145.111,-53.9911)
15014 (-145.111,-169.575,-26.9956)
15015 (-169.575,-145.111,-26.9956)
15016 (-145.111,-169.575,0)
15017 (-169.575,-145.111,0)
15018 (-145.111,-169.575,26.9956)
15019 (-169.575,-145.111,26.9956)
15020 (-145.111,-169.575,53.9911)
15021 (-169.575,-145.111,53.9911)
15022 (-145.111,-169.575,80.9867)
15023 (-169.575,-145.111,80.9867)
15024 (-145.111,-169.575,107.982)
15025 (-169.575,-145.111,107.982)
15026 (-145.111,-169.575,134.978)
15027 (-169.575,-145.111,134.978)
15028 (-145.111,-169.575,161.973)
15029 (-169.575,-145.111,161.973)
15030 (-145.111,-169.575,188.969)
15031 (-169.575,-145.111,188.969)
15032 (-145.111,-169.575,215.964)
15033 (-169.575,-145.111,215.964)
15034 (-131.394,-183.292,-215.964)
15035 (-183.292,-131.394,-215.964)
15036 (-131.394,-183.292,-188.969)
15037 (-183.292,-131.394,-188.969)
15038 (-131.394,-183.292,-161.973)
15039 (-183.292,-131.394,-161.973)
15040 (-131.394,-183.292,-134.978)
15041 (-183.292,-131.394,-134.978)
15042 (-131.394,-183.292,-107.982)
15043 (-183.292,-131.394,-107.982)
15044 (-131.394,-183.292,-80.9867)
15045 (-183.292,-131.394,-80.9867)
15046 (-131.394,-183.292,-53.9911)
15047 (-183.292,-131.394,-53.9911)
15048 (-131.394,-183.292,-26.9956)
15049 (-183.292,-131.394,-26.9956)
15050 (-131.394,-183.292,0)
15051 (-183.292,-131.394,0)
15052 (-131.394,-183.292,26.9956)
15053 (-183.292,-131.394,26.9956)
15054 (-131.394,-183.292,53.9911)
15055 (-183.292,-131.394,53.9911)
15056 (-131.394,-183.292,80.9867)
15057 (-183.292,-131.394,80.9867)
15058 (-131.394,-183.292,107.982)
15059 (-183.292,-131.394,107.982)
15060 (-131.394,-183.292,134.978)
15061 (-183.292,-131.394,134.978)
15062 (-131.394,-183.292,161.973)
15063 (-183.292,-131.394,161.973)
15064 (-131.394,-183.292,188.969)
15065 (-183.292,-131.394,188.969)
15066 (-131.394,-183.292,215.964)
15067 (-183.292,-131.394,215.964)
15068 (-117.677,-197.009,-215.964)
15069 (-197.009,-117.677,-215.964)
15070 (-117.677,-197.009,-188.969)
15071 (-197.009,-117.677,-188.969)
15072 (-117.677,-197.009,-161.973)
15073 (-197.009,-117.677,-161.973)
15074 (-117.677,-197.009,-134.978)
15075 (-197.009,-117.677,-134.978)
15076 (-117.677,-197.009,-107.982)
15077 (-197.009,-117.677,-107.982)
15078 (-117.677,-197.009,-80.9867)
15079 (-197.009,-117.677,-80.9867)
15080 (-117.677,-197.009,-53.9911)
15081 (-197.009,-117.677,-53.9911)
15082 (-117.677,-197.009,-26.9956)
15083 (-197.009,-117.677,-26.9956)
15084 (-117.677,-197.009,0)
15085 (-197.009,-117.677,0)
15086 (-117.677,-197.009,26.9956)
15087 (-197.009,-117.677,26.9956)
15088 (-117.677,-197.009,53.9911)
15089 (-197.009,-117.677,53.9911)
15090 (-117.677,-197.009,80.9867)
15091 (-197.009,-117.677,80.9867)
15092 (-117.677,-197.009,107.982)
15093 (-197.009,-117.677,107.982)
15094 (-117.677,-197.009,134.978)
15095 (-197.009,-117.677,134.978)
15096 (-117.677,-197.009,161.973)
15097 (-197.009,-117.677,161.973)
15098 (-117.677,-197.009,188.969)
15099 (-197.009,-117.677,188.969)
15100 (-117.677,-197.009,215.964)
15101 (-197.009,-117.677,215.964)
15102 (-103.96,-210.726,-215.964)
15103 (-210.726,-103.96,-215.964)
15104 (-103.96,-210.726,-188.969)
15105 (-210.726,-103.96,-188.969)
15106 (-103.96,-210.726,-161.973)
15107 (-210.726,-103.96,-161.973)
15108 (-103.96,-210.726,-134.978)
15109 (-210.726,-103.96,-134.978)
15110 (-103.96,-210.726,-107.982)
15111 (-210.726,-103.96,-107.982)
15112 (-103.96,-210.726,-80.9867)
15113 (-210.726,-103.96,-80.9867)
15114 (-103.96,-210.726,-53.9911)
15115 (-210.726,-103.96,-53.9911)
15116 (-103.96,-210.726,-26.9956)
15117 (-210.726,-103.96,-26.9956)
15118 (-103.96,-210.726,0)
15119 (-210.726,-103.96,0)
15120 (-103.96,-210.726,26.9956)
15121 (-210.726,-103.96,26.9956)
15122 (-103.96,-210.726,53.9911)
15123 (-210.726,-103.96,53.9911)
15124 (-103.96,-210.726,80.9867)
15125 (-210.726,-103.96,80.9867)
15126 (-103.96,-210.726,107.982)
15127 (-210.726,-103.96,107.982)
15128 (-103.96,-210.726,134.978)
15129 (-210.726,-103.96,134.978)
15130 (-103.96,-210.726,161.973)
15131 (-210.726,-103.96,161.973)
15132 (-103.96,-210.726,188.969)
15133 (-210.726,-103.96,188.969)
15134 (-103.96,-210.726,215.964)
15135 (-210.726,-103.96,215.964)
25000 (-149.092,-182.028,98.3739)
25001 (-182.028,-149.092,98.3739)
25002 (-131.138,-199.981,98.3739)
25003 (-199.981,-131.138,98.3739)
25004 (-113.185,-217.934,98.3739)
25005 (-217.934,-113.185,98.3739)
25006 (-149.092,-182.028,-98.3739)
25007 (-182.028,-149.092,-98.3739)
25008 (-131.138,-199.981,-98.3739)
25009 (-199.981,-131.138,-98.3739)
25010 (-113.185,-217.934,-98.3739)
25011 (-217.934,-113.185,-98.3739)
25012 (-149.092,-182.028,19.6748)
25013 (-182.028,-149.092,19.6748)
25014 (-131.138,-199.981,19.6748)
25015 (-199.981,-131.138,19.6748)
25016 (-113.185,-217.934,19.6748)
25017 (-217.934,-113.185,19.6748)
25018 (-149.092,-182.028,-19.6748)
25019 (-182.028,-149.092,-19.6748)
25020 (-131.138,-199.981,-19.6748)
25021 (-199.981,-131.138,-19.6748)
25022 (-113.185,-217.934,-19.6748)
25023 (-217.934,-113.185,-19.6748)
25024 (-149.092,-182.028,59.0243)
25025 (-182.028,-149.092,59.0243)
25026 (-131.138,-199.981,59.0243)
25027 (-199.981,-131.138,59.0243)
25028 (-113.185,-217.934,59.0243)
25029 (-217.934,-113.185,59.0243)
25030 (-149.092,-182.028,-59.0243)
25031 (-182.028,-149.092,-59.0243)
25032 (-131.138,-199.981,-59.0243)
25033 (-199.981,-131.138,-59.0243)
25034 (-113.185,-217.934,-59.0243)
25035 (-217.934,-113.185,-59.0243)
25036 (-149.092,-182.028,139.122)
25037 (-182.028,-149.092,139.122)
25038 (-131.138,-199.981,139.122)
25039 (-199.981,-131.138,139.122)
25040 (-113.185,-217.934,139.122)
25041 (-217.934,-113.185,139.122)
25042 (-149.092,-182.028,-139.122)
25043 (-182.028,-149.092,-139.122)
25044 (-131.138,-199.981,-139.122)
25045 (-199.981,-131.138,-139.122)
25046 (-113.185,-217.934,-139.122)
25047 (-217.934,-113.185,-139.122)
25048 (-149.092,-182.028,170.389)
25049 (-182.028,-149.092,170.389)
25050 (-131.138,-199.981,170.389)
25051 (-199.981,-131.138,170.389)
25052 (-113.185,-217.934,170.389)
25053 (-217.934,-113.185,170.389)
25054 (-149.092,-182.028,-170.389)
25055 (-182.028,-149.092,-170.389)
25056 (-131.138,-199.981,-170.389)
25057 (-199.981,-131.138,-170.389)
25058 (-113.185,-217.934,-170.389)
25059 (-217.934,-113.185,-170.389)
25060 (-149.092,-182.028,196.748)
25061 (-182.028,-149.092,196.748)
25062 (-131.138,-199.981,196.748)
25063 (-199.981,-131.138,196.748)
25064 (-113.185,-217.934,196.748)
25065 (-217.934,-113.185,196.748)
25066 (-149.092,-182.028,-196.748)
25067 (-182.028,-149.092,-196.748)
25068 (-131.138,-199.981,-196.748)
25069 (-199.981,-131.138,-196.748)
25070 (-113.185,-217.934,-196.748)
25071 (-217.934,-113.185,-196.748)
25072 (-149.092,-182.028,219.971)
25073 (-182.028,-149.092,219.971)
25074 (-131.138,-199.981,219.971)
25075 (-199.981,-131.138,219.971)
25076 (-113.185,-217.934,219.971)
25077 (-217.934,-113.185,219.971)
25078 (-149.092,-182.028,-219.971)
25079 (-182.028,-149.092,-219.971)
25080 (-131.138,-199.981,-219.971)
25081 (-199.981,-131.138,-219.971)
25082 (-113.185,-217.934,-219.971)
25083 (-217.934,-113.185,-219.971)
16000 (17.2988,-222.517,-215.964)
16001 (-17.2988,-222.517,-215.964)
16002 (17.2988,-222.517,-188.969)
16003 (-17.2988,-222.517,-188.969)
16004 (17.2988,-222.517,-161.973)
16005 (-17.2988,-222.517,-161.973)
16006 (17.2988,-222.517,-134.978)
16007 (-17.2988,-222.517,-134.978)
16008 (17.2988,-222.517,-107.982)
16009 (-17.2988,-222.517,-107.982)
16010 (17.2988,-222.517,-80.9867)
16011 (-17.2988,-222.517,-80.9867)
16012 (17.2988,-222.517,-53.9911)
16013 (-17.2988,-222.517,-53.9911)
16014 (17.2988,-222.517,-26.9956)
16015 (-17.2988,-222.517,-26.9956)
16016 (17.2988,-222.517,0)
16017 (-17.2988,-222.517,0)
16018 (17.2988,-222.517,26.9956)
16019 (-17.2988,-222.517,26.9956)
16020 (17.2988,-222.517,53.9911)
16021 (-17.2988,-222.517,53.9911)
16022 (17.2988,-222.517,80.9867)
16023 (-17.2988,-222.517,80.9867)
16024 (17.2988,-222.517,107.982)
16025 (-17.2988,-222.517,107.982)
16026 (17.2988,-222.517,134.978)
16027 (-17.2988,-222.517,134.978)
16028 (17.2988,-222.517,161.973)
16029 (-17.2988,-222.517,161.973)
16030 (17.2988,-222.517,188.969)
16031 (-17.2988,-222.517,188.969)
16032 (17.2988,-222.517,215.964)
16033 (-17.2988,-222.517,215.964)
16034 (36.6975,-222.517,-215.964)
16035 (-36.6975,-222.517,-215.964)
16036 (36.6975,-222.517,-188.969)
16037 (-36.6975,-222.517,-188.969)
16038 (36.6975,-222.517,-161.973)
16039 (-36.6975,-222.517,-161.973)
16040 (36.6975,-222.517,-134.978)
16041 (-36.6975,-222.517,-134.978)
16042 (36.6975,-222.517,-107.982)
16043 (-36.6975,-222.517,-107.982)
16044 (36.6975,-222.517,-80.9867)
16045 (-36.6975,-222.517,-80.9867)
16046 (36.6975,-222.517,-53.9911)
16047 (-36.6975,-222.517,-53.9911)
16048 (36.6975,-222.517,-26.9956)
16049 (-36.6975,-222.517,-26.9956)
16050 (36.6975,-222.517,0)
16051 (-36.6975,-222.517,0)
16052 (36.6975,-222.517,26.9956)
16053 (-36.6975,-222.517,26.9956)
16054 (36.6975,-222.517,53.9911)
16055 (-36.6975,-222.517,53.9911)
16056 (36.6975,-222.517,80.9867)
16057 (-36.6975,-222.517,80.9867)
16058 (36.6975,-222.517,107.982)
16059 (-36.6975,-222.517,107.982)
16060 (36.6975,-222.517,134.978)
16061 (-36.6975,-222.517,134.978)
16062 (36.6975,-222.517,161.973)
16063 (-36.6975,-222.517,161.973)
16064 (36.6975,-222.517,188.969)
16065 (-36.6975,-222.517,188.969)
16066 (36.6975,-222.517,215.964)
16067 (-36.6975,-222.517,215.964)
16068 (56.0963,-222.517,-215.964)
16069 (-56.0963,-222.517,-215.964)
16070 (56.0963,-222.517,-188.969)
16071 (-56.0963,-222.517,-188.969)
16072 (56.0963,-222.517,-161.973)
16073 (-56.0963,-222.517,-161.973)
16074 (56.0963,-222.517,-134.978)
16075 (-56.0963,-222.517,-134.978)
16076 (56.0963,-222.517,-107.982)
16077 (-56.0963,-222.517,-107.982)
16078 (56.0963,-222.517,-80.9867)
16079 (-56.0963,-222.517,-80.9867)
16080 (56.0963,-222.517,-53.9911)
16081 (-56.0963,-222.517,-53.9911)
16082 (56.0963,-222.517,-26.9956)
16083 (-56.0963,-222.517,-26.9956)
16084 (56.0963,-222.517,0)
16085 (-56.0963,-222.517,0)
16086 (56.0963,-222.517,26.9956)
16087 (-56.0963,-222.517,26.9956)
16088 (56.0963,-222.517,53.9911)
16089 (-56.0963,-222.517,53.9911)
16090 (56.0963,-222.517,80.9867)
16091 (-56.0963,-222.517,80.9867)
16092 (56.0963,-222.517,107.982)
16093 (-56.0963,-222.517,107.982)
16094 (56.0963,-222.517,134.978)
16095 (-56.0963,-222.517,134.978)
16096 (56.0963,-222.517,161.973)
16097 (-56.0963,-222.517,161.973)
16098 (56.0963,-222.517,188.969)
16099 (-56.0963,-222.517,188.969)
16100 (56.0963,-222.517,215.964)
16101 (-56.0963,-222.517,215.964)
16102 (75.495,-222.517,-215.964)
16103 (-75.495,-222.517,-215.964)
16104 (75.495,-222.517,-188.969)
16105 (-75.495,-222.517,-188.969)
16106 (75.495,-222.517,-161.973)
16107 (-75.495,-222.517,-161.973)
16108 (75.495,-222.517,-134.978)
16109 (-75.495,-222.517,-134.978)
16110 (75.495,-222.517,-107.982)
16111 (-75.495,-222.517,-107.982)
16112 (75.495,-222.517,-80.9867)
16113 (-75.495,-222.517,-80.9867)
16114 (75.495,-222.517,-53.9911)
16115 (-75.495,-222.517,-53.9911)
16116 (75.495,-222.517,-26.9956)
16117 (-75.495,-222.517,-26.9956)
16118 (75.495,-222.517,0)
16119 (-75.495,-222.517,0)
16120 (75.495,-222.517,26.9956)
16121 (-75.495,-222.517,26.9956)
16122 (75.495,-222.517,53.9911)
16123 (-75.495,-222.517,53.9911)
16124 (75.495,-222.517,80.9867)
16125 (-75.495,-222.517,80.9867)
16126 (75.495,-222.517,107.982)
16127 (-75.495,-222.517,107.982)
16128 (75.495,-222.517,134.978)
16129 (-75.495,-222.517,134.978)
16130 (75.495,-222.517,161.973)
16131 (-75.495,-222.517,161.973)
16132 (75.495,-222.517,188.969)
16133 (-75.495,-222.517,188.969)
16134 (75.495,-222.517,215.964)
16135 (-75.495,-222.517,215.964)
26000 (23.2896,-234.137,98.3739)
26001 (-23.2896,-234.137,98.3739)
26002 (48.6792,-234.137,98.3739)
26003 (-48.6792,-234.137,98.3739)
26004 (74.0688,-234.137,98.3739)
26005 (-74.0688,-234.137,98.3739)
26006 (23.2896,-234.137,-98.3739)
26007 (-23.2896,-234.137,-98.3739)
26008 (48.6792,-234.137,-98.3739)
26009 (-48.6792,-234.137,-98.3739)
26010 (74.0688,-234.137,-98.3739)
26011 (-74.0688,-234.137,-98.3739)
26012 (23.2896,-234.137,19.6748)
26013 (-23.2896,-234.137,19.6748)
26014 (48.6792,-234.137,19.6748)
26015 (-48.6792,-234.137,19.6748)
26016 (74.0688,-234.137,19.6748)
26017 (-74.0688,-234.137,19.6748)
26018 (23.2896,-234.137,-19.6748)
26019 (-23.2896,-234.137,-19.6748)
26020 (48.6792,-234.137,-19.6748)
26021 (-48.6792,-234.137,-19.6748)
26022 (74.0688,-234.137,-19.6748)
26023 (-74.0688,-234.137,-19.6748)
26024 (23.2896,-234.137,59.0243)
26025 (-23.2896,-234.137,59.0243)
26026 (48.6792,-234.137,59.0243)
26027 (-48.6792,-234.137,59.0243)
26028 (74.0688,-234.137,59.0243)
26029 (-74.0688,-234.137,59.0243)
26030 (23.2896,-234.137,-59.0243)
26031 (-23.2896,-234.137,-59.0243)
26032 (48.6792,-234.137,-59.0243)
26033 (-48.6792,-234.137,-59.0243)
26034 (74.0688,-234.137,-59.0243)
26035 (-74.0688,-234.137,-59.0243)
26036 (23.2896,-234.137,139.122)
26037 (-23.2896,-234.137,139.122)
26038 (48.6792,-234.137,139.122)
26039 (-48.6792,-234.137,139.122)
26040 (74.0688,-234.137,139.122)
26041 (-74.0688,-234.137,139.122)
26042 (23.2896,-234.137,-139.122)
26043 (-23.2896,-234.137,-139.122)
26044 (48.6792,-234.137,-139.122)
26045 (-48.6792,-234.137,-139.122)
26046 (74.0688,-234.137,-139.122)
26047 (-74.0688,-234.137,-139.122)
26048 (23.2896,-234.137,170.389)
26049 (-23.2896,-234.137,170.389)
26050 (48.6792,-234.137,170.389)
26051 (-48.6792,-234.137,170.389)
26052 (74.0688,-234.137,170.389)
26053 (-74.0688,-234.137,170.389)
26054 (23.2896,-234.137,-170.389)
26055 (-23.2896,-234.137,-170.389)
26056 (48.6792,-234.137,-170.389)
26057 (-48.6792,-234.137,-170.389)
26058 (74.0688,-234.137,-170.389)
26059 (-74.0688,-234.137,-170.389)
26060 (23.2896,-234.137,196.748)
26061 (-23.2896,-234.137,196.748)
26062 (48.6792,-234.137,196.748)
26063 (-48.6792,-234.137,196.748)
26064 (74.0688,-234.137,196.748)
26065 (-74.0688,-234.137,196.748)
26066 (23.2896,-234.137,-196.748)
26067 (-23.2896,-234.137,-196.748)
26068 (48.6792,-234.137,-196.748)
26069 (-48.6792,-234.137,-196.748)
26070 (74.0688,-234.137,-196.748)
26071 (-74.0688,-234.137,-196.748)
26072 (23.2896,-234.137,219.971)
26073 (-23.2896,-234.137,219.971)
26074 (48.6792,-234.137,219.971)
26075 (-48.6792,-234.137,219.971)
26076 (74.0688,-234.137,219.971)
26077 (-74.0688,-234.137,219.971)
26078 (23.2896,-234.137,-219.971)
26079 (-23.2896,-234.137,-219.971)
26080 (48.6792,-234.137,-219.971)
26081 (-48.6792,-234.137,-219.971)
26082 (74.0688,-234.137,-219.971)
26083 (-74.0688,-234.137,-219.971)
17000 (169.575,-145.111,-215.964)
17001 (145.111,-169.575,-215.964)
17002 (169.575,-145.111,-188.969)
17003 (145.111,-169.575,-188.969)
17004 (169.575,-145.111,-161.973)
17005 (145.111,-169.575,-161.973)
17006 (169.575,-145.111,-134.978)
17007 (145.111,-169.575,-134.978)
17008 (169.575,-145.111,-107.982)
17009 (145.111,-169.575,-107.982)
17010 (169.575,-145.111,-80.9867)
17011 (145.111,-169.575,-80.9867)
17012 (169.575,-145.111,-53.9911)
17013 (145.111,-169.575,-53.9911)
17014 (169.575,-145.111,-26.9956)
17015 (145.111,-169.575,-26.9956)
17016 (169.575,-145.111,0)
17017 (145.111,-169.575,0)
17018 (169.575,-145.111,26.9956)
17019 (145.111,-169.575,26.9956)
17020 (169.575,-145.111,53.9911)
17021 (145.111,-169.575,53.9911)
17022 (169.575,-145.111,80.9867)
17023 (145.111,-169.575,80.9867)
17024 (169.575,-145.111,107.982)
17025 (145.111,-169.575,107.982)
17026 (169.575,-145.111,134.978)
17027 (145.111,-169.575,134.978)
17028 (169.575,-145.111,161.973)
17029 (145.111,-169.575,161.973)
17030 (169.575,-145.111,188.969)
17031 (145.111,-169.575,188.969)
17032 (169.575,-145.111,215.964)
17033 (145.111,-169.575,215.964)
17034 (183.292,-131.394,-215.964)
17035 (131.394,-183.292,-215.964)
17036 (183.292,-131.394,-188.969)
17037 (131.394,-183.292,-188.969)
17038 (183.292,-131.394,-161.973)
17039 (131.394,-183.292,-161.973)
17040 (183.292,-131.394,-134.978)
17041 (131.394,-183.292,-134.978)
17042 (183.292,-131.394,-107.982)
17043 (131.394,-183.292,-107.982)
17044 (183.292,-131.394,-80.9867)
17045 (131.394,-183.292,-80.9867)
17046 (183.292,-131.394,-53.9911)
17047 (131.394,-183.292,-53.9911)
17048 (183.292,-131.394,-26.9956)
17049 (131.394,-183.292,-26.9956)
17050 (183.292,-131.394,0)
17051 (131.394,-183.292,0)
17052 (183.292,-131.394,26.9956)
17053 (131.394,-183.292,26.9956)
17054 (183.292,-131.394,53.9911)
17055 (131.394,-183.292,53.9911)
17056 (183.292,-131.394,80.9867)
17057 (131.394,-183.292,80.9867)
17058 (183.292,-131.394,107.982)
17059 (131.394,-183.292,107.982)
17060 (183.292,-131.394,134.978)
17061 (131.394,-183.292,134.978)
17062 (183.292,-131.394,161.973)
17063 (131.394,-183.292,161.973)
17064 (183.292,-131.394,188.969)
17065 (131.394,-183.292,188.969)
17066 (183.292,-131.394,215.964)
17067 (131.394,-183.292,215.964)
17068 (197.009,-117.677,-215.964)
17069 (117.677,-197.009,-215.964)
17070 (197.009,-117.677,-188.969)
17071 (117.677,-197.009,-188.969)
17072 (197.009,-117.677,-161.973)
17073 (117.677,-197.009,-161.973)
17074 (197.009,-117.677,-134.978)
17075 (117.677,-197.009,-134.978)
17076 (197.009,-117.677,-107.982)
17077 (117.677,-197.009,-107.982)
17078 (197.009,-117.677,-80.9867)
17079 (117.677,-197.009,-80.9867)
17080 (197.009,-117.677,-53.9911)
17081 (117.677,-197.009,-53.9911)
17082 (197.009,-117.677,-26.9956)
17083 (117.677,-197.009,-26.9956)
17084 (197.009,-117.677,0)
17085 (117.677,-197.009,0)
17086 (197.009,-117.677,26.9956)
17087 (117.677,-197.009,26.9956)
17088 (197.009,-117.677,53.9911)
17089 (117.677,-197.009,53.9911)
17090 (197.009,-117.677,80.9867)
17091 (117.677,-197.009,80.9867)
17092 (197.009,-117.677,107.982)
17093 (117.677,-197.009,107.982)
17094 (197.009,-117.677,134.978)
17095 (117.677,-197.009,134.978)
17096 (197.009,-117.677,161.973)
17097 (117.677,-197.009,161.973)
17098 (197.009,-117.677,188.969)
17099 (117.677,-197.009,188.969)
17100 (197.009,-117.677,215.964)
17101 (117.677,-197.009,215.964)
17102 (210.726,-103.96,-215.964)
17103 (103.96,-210.726,-215.964)
17104 (210.726,-103.96,-188.969)
17105 (103.96,-210.726,-188.969)
17106 (210.726,-103.96,-161.973)
17107 (103.96,-210.726,-161.973)
17108 (210.726,-103.96,-134.978)
17109 (103.96,-210.726,-134.978)
17110 (210.726,-103.96,-107.982)
17111 (103.96,-210.726,-107.982)
17112 (210.726,-103.96,-80.9867)
17113 (103.96,-210.726,-80.9867)
17114 (210.726,-103.96,-53.9911)
17115 (103.96,-210.726,-53.9911)
17116 (210.726,-103.96,-26.9956)
17117 (103.96,-210.726,-26.9956)
17118 (210.726,-103.96,0)
17119 (103.96,-210.726,0)
17120 (210.726,-103.96,26.9956)
17121 (103.96,-210.726,26.9956)
17122 (210.726,-103.96,53.9911)
17123 (103.96,-210.726,53.9911)
17124 (210.726,-103.96,80.9867)
17125 (103.96,-210.726,80.9867)
17126 (210.726,-103.96,107.982)
17127 (103.96,-210.726,107.982)
17128 (210.726,-103.96,134.978)
17129 (103.96,-210.726,134.978)
17130 (210.726,-103.96,161.973)
17131 (103.96,-210.726,161.973)
17132 (210.726,-103.96,188.969)
17133 (103.96,-210.726,188.969)
17134 (210.726,-103.96,215.964)
17135 (103.96,-210.726,215.964)
27000 (182.028,-149.092,98.3739)
27001 (149.092,-182.028,98.3739)
27002 (199.981,-131.138,98.3739)
27003 (131.138,-199.981,98.3739)
27004 (217.934,-113.185,98.3739)
27005 (113.185,-217.934,98.3739)
27006 (182.028,-149.092,-98.3739)
27007 (149.092,-182.028,-98.3739)
27008 (199.981,-131.138,-98.3739)
27009 (131.138,-199.981,-98.3739)
27010 (217.934,-113.185,-98.3739)
27011 (113.185,-217.934,-98.3739)
27012 (182.028,-149.092,19.6748)
27013 (149.092,-182.028,19.6748)
27014 (199.981,-131.138,19.6748)
27015 (131.138,-199.981,19.6748)
27016 (217.934,-113.185,19.6748)
27017 (113.185,-217.934,19.6748)
27018 (182.028,-149.092,-19.6748)
27019 (149.092,-182.028,-19.6748)
27020 (199.981,-131.138,-19.6748)
27021 (131.138,-199.981,-19.6748)
27022 (217.934,-113.185,-19.6748)
27023 (113.185,-217.934,-19.6748)
27024 (182.028,-149.092,59.0243)
27025 (149.092,-182.028,59.0243)
27026 (199.981,-131.138,59.0243)
27027 (131.138,-199.981,59.0243)
27028 (217.934,-113.185,59.0243)
27029 (113.185,-217.934,59.0243)
27030 (182.028,-149.092,-59.0243)
27031 (149.092,-182.028,-59.0243)
27032 (199.981,-131.138,-59.0243)
27033 (131.138,-199.981,-59.0243)
27034 (217.934,-113.185,-59.0243)
27035 (113.185,-217.934,-59.0243)
27036 (182.028,-149.092,139.122)
27037 (149.092,-182.028,139.122)
27038 (199.981,-131.138,139.122)
27039 (131.138,-199.981,139.122)
27040 (217.934,-113.185,139.122)
27041 (113.185,-217.934,139.122)
27042 (182.028,-149.092,-139.122)
27043 (149.092,-182.028,-139.122)
27044 (199.981,-131.138,-139.122)
27045 (131.138,-199.981,-139.122)
27046 (217.934,-113.185,-139.122)
27047 (113.185,-217.934,-139.122)
27048 (182.028,-149.092,170.389)
27049 (149.092,-182.028,170.389)
27050 (199.981,-131.138,170.389)
27051 (131.138,-199.981,170.389)
27052 (217.934,-113.185,170.389)
27053 (113.185,-217.934,170.389)
27054 (182.028,-149.092,-170.389)
27055 (149.092,-182.028,-170.389)
27056 (199.981,-131.138,-170.389)
27057 (131.138,-199.981,-170.389)
27058 (217.934,-113.185,-170.389)
27059 (113.185,-217.934,-170.389)
27060 (182.028,-149.092,196.748)
27061 (149.092,-182.028,196.748)
27062 (199.981,-131.138,196.748)
27063 (131.138,-199.981,196.748)
27064 (217.934,-113.185,196.748)
27065 (113.185,-217.934,196.748)
27066 (182.028,-149.092,-196.748)
27067 (149.092,-182.028,-196.748)
27068 (199.981,-131.138,-196.748)
27069 (131.138,-199.981,-196.748)
27070 (217.934,-113.185,-196.748)
27071 (113.185,-217.934,-196.748)
27072 (182.028,-149.092,219.971)
27073 (149.092,-182.028,219.971)
27074 (199.981,-131.138,219.971)
27075 (131.138,-199.981,219.971)
27076 (217.934,-113.185,219.971)
27077 (113.185,-217.934,219.971)
27078 (182.028,-149.092,-219.971)
27079 (149.092,-182.028,-219.971)
27080 (199.981,-131.138,-219.971)
27081 (131.138,-199.981,-219.971)
27082 (217.934,-113.185,-219.971)
27083 (113.185,-217.934,-219.971)
10500 (36.8,7.06245,240.06)
10501 (36.8,-7.06245,240.06)
10400 (36.8,7.06245,-240.06)
10401 (36.8,-7.06245,-240.06)
10502 (55.2,10.8732,240.06)
10503 (55.2,-10.8732,240.06)
10402 (55.2,10.8732,-240.06)
10403 (55.2,-10.8732,-240.06)
10504 (73.6,9.95599,240.06)
10505 (73.6,-9.95599,240.06)
10404 (73.6,9.95599,-240.06)
10405 (73.6,-9.95599,-240.06)
10506 (73.6,19.412,240.06)
10507 (73.6,-19.412,240.06)
10406 (73.6,19.412,-240.06)
10407 (73.6,-19.412,-240.06)
10508 (92,12.4965,240.06)
10509 (92,-12.4965,240.06)
10408 (92,12.4965,-240.06)
10409 (92,-12.4965,-240.06)
10510 (92,24.493,240.06)
10511 (92,-24.493,240.06)
10410 (92,24.493,-240.06)
10411 (92,-24.493,-240.06)
10512 (110.4,11.4028,240.06)
10513 (110.4,-11.4028,240.06)
10412 (110.4,11.4028,-240.06)
10413 (110.4,-11.4028,-240.06)
10514 (110.4,22.3055,240.06)
10515 (110.4,-22.3055,240.06)
10414 (110.4,22.3055,-240.06)
10415 (110.4,-22.3055,-240.06)
10516 (110.4,33.2083,240.06)
10517 (110.4,-33.2083,240.06)
10416 (110.4,33.2083,-240.06)
10417 (110.4,-33.2083,-240.06)
10518 (128.8,13.3081,240.06)
10519 (128.8,-13.3081,240.06)
10418 (128.8,13.3081,-240.06)
10419 (128.8,-13.3081,-240.06)
10520 (128.8,26.1163,240.06)
10521 (128.8,-26.1163,240.06)
10420 (128.8,26.1163,-240.06)
10421 (128.8,-26.1163,-240.06)
10522 (128.8,38.9244,240.06)
10523 (128.8,-38.9244,240.06)
10422 (128.8,38.9244,-240.06)
10423 (128.8,-38.9244,-240.06)
10524 (147.2,15.2135,240.06)
10525 (147.2,-15.2135,240.06)
10424 (147.2,15.2135,-240.06)
10425 (147.2,-15.2135,-240.06)
10526 (147.2,29.927,240.06)
10527 (147.2,-29.927,240.06)
10426 (147.2,29.927,-240.06)
10427 (147.2,-29.927,-240.06)
10528 (147.2,44.6406,240.06)
10529 (147.2,-44.6406,240.06)
10428 (147.2,44.6406,-240.06)
10429 (147.2,-44.6406,-240.06)
10530 (165.6,13.7951,240.06)
10531 (165.6,-13.7951,240.06)
10430 (165.6,13.7951,-240.06)
10431 (165.6,-13.7951,-240.06)
10532 (165.6,27.0902,240.06)
10533 (165.6,-27.0902,240.06)
10432 (165.6,27.0902,-240.06)
10433 (165.6,-27.0902,-240.06)
10534 (165.6,40.3854,240.06)
10535 (165.6,-40.3854,240.06)
10434 (165.6,40.3854,-240.06)
10435 (165.6,-40.3854,-240.06)
10536 (165.6,53.6805,240.06)
10537 (165.6,-53.6805,240.06)
10436 (165.6,53.6805,-240.06)
10437 (165.6,-53.6805,-240.06)
10538 (184,15.3194,240.06)
10539 (184,-15.3194,240.06)
10438 (184,15.3194,-240.06)
10439 (184,-15.3194,-240.06)
10540 (184,30.1389,240.06)
10541 (184,-30.1389,240.06)
10440 (184,30.1389,-240.06)
10441 (184,-30.1389,-240.06)
10542 (184,44.9583,240.06)
10543 (184,-44.9583,240.06)
10442 (184,44.9583,-240.06)
10443 (184,-44.9583,-240.06)
10544 (184,59.7777,240.06)
10545 (184,-59.7777,240.06)
10444 (184,59.7777,-240.06)
10445 (184,-59.7777,-240.06)
10546 (202.4,14.1198,240.06)
10547 (202.4,-14.1198,240.06)
10446 (202.4,14.1198,-240.06)
10447 (202.4,-14.1198,-240.06)
10548 (202.4,27.7396,240.06)
10549 (202.4,-27.7396,240.06)
10448 (202.4,27.7396,-240.06)
10449 (202.4,-27.7396,-240.06)
10550 (202.4,41.3593,240.06)
10551 (202.4,-41.3593,240.06)
10450 (202.4,41.3593,-240.06)
10451 (202.4,-41.3593,-240.06)
10552 (202.4,54.9791,240.06)
10553 (202.4,-54.9791,240.06)
10452 (202.4,54.9791,-240.06)
10453 (202.4,-54.9791,-240.06)
10554 (202.4,68.5989,240.06)
10555 (202.4,-68.5989,240.06)
10454 (202.4,68.5989,-240.06)
10455 (202.4,-68.5989,-240.06)
11500 (21.0276,31.0154,240.06)
11501 (31.0154,21.0276,240.06)
11400 (21.0276,31.0154,-240.06)
11401 (31.0154,21.0276,-240.06)
11502 (31.3438,46.7208,240.06)
11503 (46.7208,31.3438,240.06)
11402 (31.3438,46.7208,-240.06)
11403 (46.7208,31.3438,-240.06)
11504 (45.0031,59.083,240.06)
11505 (59.083,45.0031,240.06)
11404 (45.0031,59.083,-240.06)
11405 (59.083,45.0031,-240.06)
11506 (38.3167,65.7694,240.06)
11507 (65.7694,38.3167,240.06)
11406 (38.3167,65.7694,-240.06)
11407 (65.7694,38.3167,-240.06)
11508 (56.2175,73.8902,240.06)
11509 (73.8902,56.2175,240.06)
11408 (56.2175,73.8902,-240.06)
11409 (73.8902,56.2175,-240.06)
11510 (47.7347,82.373,240.06)
11511 (82.373,47.7347,240.06)
11410 (47.7347,82.373,-240.06)
11411 (82.373,47.7347,-240.06)
11512 (70.0016,86.1276,240.06)
11513 (86.1276,70.0016,240.06)
11412 (70.0016,86.1276,-240.06)
11413 (86.1276,70.0016,-240.06)
11514 (62.2922,93.837,240.06)
11515 (93.837,62.2922,240.06)
11414 (62.2922,93.837,-240.06)
11415 (93.837,62.2922,-240.06)
11516 (54.5828,101.546,240.06)
11517 (101.546,54.5828,240.06)
11416 (54.5828,101.546,-240.06)
11417 (101.546,54.5828,-240.06)
11518 (81.6651,100.486,240.06)
11519 (100.486,81.6651,240.06)
11418 (81.6651,100.486,-240.06)
11419 (100.486,81.6651,-240.06)
11520 (72.6084,109.542,240.06)
11521 (109.542,72.6084,240.06)
11420 (72.6084,109.542,-240.06)
11421 (109.542,72.6084,-240.06)
11522 (63.5516,118.599,240.06)
11523 (118.599,63.5516,240.06)
11422 (63.5516,118.599,-240.06)
11423 (118.599,63.5516,-240.06)
11524 (93.3285,114.844,240.06)
11525 (114.844,93.3285,240.06)
11424 (93.3285,114.844,-240.06)
11425 (114.844,93.3285,-240.06)
11526 (82.9245,125.248,240.06)
11527 (125.248,82.9245,240.06)
11426 (82.9245,125.248,-240.06)
11427 (125.248,82.9245,-240.06)
11528 (72.5205,135.652,240.06)
11529 (135.652,72.5205,240.06)
11428 (72.5205,135.652,-240.06)
11429 (135.652,72.5205,-240.06)
11530 (107.342,126.852,240.06)
11531 (126.852,107.342,240.06)
11430 (107.342,126.852,-240.06)
11431 (126.852,107.342,-240.06)
11532 (97.9412,136.253,240.06)
11533 (136.253,97.9412,240.06)
11432 (97.9412,136.253,-240.06)
11433 (136.253,97.9412,-240.06)
11534 (88.5401,145.654,240.06)
11535 (145.654,88.5401,240.06)
11434 (88.5401,145.654,-240.06)
11435 (145.654,88.5401,-240.06)
11536 (79.139,155.055,240.06)
11537 (155.055,79.139,240.06)
11436 (79.139,155.055,-240.06)
11437 (155.055,79.139,-240.06)
11538 (119.275,140.94,240.06)
11539 (140.94,119.275,240.06)
11438 (119.275,140.94,-240.06)
11439 (140.94,119.275,-240.06)
11540 (108.796,151.419,240.06)
11541 (151.419,108.796,240.06)
11440 (108.796,151.419,-240.06)
11441 (151.419,108.796,-240.06)
11542 (98.3173,161.898,240.06)
11543 (161.898,98.3173,240.06)
11442 (98.3173,161.898,-240.06)
11443 (161.898,98.3173,-240.06)
11544 (87.8384,172.377,240.06)
11545 (172.377,87.8384,240.06)
11444 (87.8384,172.377,-240.06)
11445 (172.377,87.8384,-240.06)
11546 (133.134,153.103,240.06)
11547 (153.103,133.134,240.06)
11446 (133.134,153.103,-240.06)
11447 (153.103,133.134,-240.06)
11548 (123.504,162.733,240.06)
11549 (162.733,123.504,240.06)
11448 (123.504,162.733,-240.06)
11449 (162.733,123.504,-240.06)
11550 (113.873,172.364,240.06)
11551 (172.364,113.873,240.06)
11450 (113.873,172.364,-240.06)
11451 (172.364,113.873,-240.06)
11552 (104.242,181.995,240.06)
11553 (181.995,104.242,240.06)
11452 (104.242,181.995,-240.06)
11453 (181.995,104.242,-240.06)
11554 (94.6117,191.625,240.06)
11555 (191.625,94.6117,240.06)
11454 (94.6117,191.625,-240.06)
11455 (191.625,94.6117,-240.06)
12500 (-7.06245,36.8,240.06)
12501 (7.06245,36.8,240.06)
12400 (-7.06245,36.8,-240.06)
12401 (7.06245,36.8,-240.06)
12502 (-10.8732,55.2,240.06)
12503 (10.8732,55.2,240.06)
12402 (-10.8732,55.2,-240.06)
12403 (10.8732,55.2,-240.06)
12504 (-9.95599,73.6,240.06)
12505 (9.95599,73.6,240.06)
12404 (-9.95599,73.6,-240.06)
12405 (9.95599,73.6,-240.06)
12506 (-19.412,73.6,240.06)
12507 (19.412,73.6,240.06)
12406 (-19.412,73.6,-240.06)
12407 (19.412,73.6,-240.06)
12508 (-12.4965,92,240.06)
12509 (12.4965,92,240.06)
12408 (-12.4965,92,-240.06)
12409 (12.4965,92,-240.06)
12510 (-24.493,92,240.06)
12511 (24.493,92,240.06)
12410 (-24.493,92,-240.06)
12411 (24.493,92,-240.06)
12512 (-11.4028,110.4,240.06)
12513 (11.4028,110.4,240.06)
12412 (-11.4028,110.4,-240.06)
12413 (11.4028,110.4,-240.06)
12514 (-22.3055,110.4,240.06)
12515 (22.3055,110.4,240.06)
12414 (-22.3055,110.4,-240.06)
12415 (22.3055,110.4,-240.06)
12516 (-33.2083,110.4,240.06)
12517 (33.2083,110.4,240.06)
12416 (-33.2083,110.4,-240.06)
12417 (33.2083,110.4,-240.06)
12518 (-13.3081,128.8,240.06)
12519 (13.3081,128.8,240.06)
12418 (-13.3081,128.8,-240.06)
12419 (13.3081,128.8,-240.06)
12520 (-26.1163,128.8,240.06)
12521 (26.1163,128.8,240.06)
12420 (-26.1163,128.8,-240.06)
12421 (26.1163,128.8,-240.06)
12522 (-38.9244,128.8,240.06)
12523 (38.9244,128.8,240.06)
12422 (-38.9244,128.8,-240.06)
12423 (38.9244,128.8,-240.06)
12524 (-15.2135,147.2,240.06)
12525 (15.2135,147.2,240.06)
12424 (-15.2135,147.2,-240.06)
12425 (15.2135,147.2,-240.06)
12526 (-29.927,147.2,240.06)
12527 (29.927,147.2,240.06)
12426 (-29.927,147.2,-240.06)
12427 (29.927,147.2,-240.06)
12528 (-44.6406,147.2,240.06)
12529 (44.6406,147.2,240.06)
12428 (-44.6406,147.2,-240.06)
12429 (44.6406,147.2,-240.06)
12530 (-13.7951,165.6,240.06)
12531 (13.7951,165.6,240.06)
12430 (-13.7951,165.6,-240.06)
12431 (13.7951,165.6,-240.06)
12532 (-27.0902,165.6,240.06)
12533 (27.0902,165.6,240.06)
12432 (-27.0902,165.6,-240.06)
12433 (27.0902,165.6,-240.06)
12534 (-40.3854,165.6,240.06)
12535 (40.3854,165.6,240.06)
12434 (-40.3854,165.6,-240.06)
12435 (40.3854,165.6,-240.06)
12536 (-53.6805,165.6,240.06)
12537 (53.6805,165.6,240.06)
12436 (-53.6805,165.6,-240.06)
12437 (53.6805,165.6,-240.06)
12538 (-15.3194,184,240.06)
12539 (15.3194,184,240.06)
12438 (-15.3194,184,-240.06)
12439 (15.3194,184,-240.06)
12540 (-30.1389,184,240.06)
12541 (30.1389,184,240.06)
12440 (-30.1389,184,-240.06)
12441 (30.1389,184,-240.06)
12542 (-44.9583,184,240.06)
12543 (44.9583,184,240.06)
12442 (-44.9583,184,-240.06)
12443 (44.9583,184,-240.06)
12544 (-59.7777,184,240.06)
12545 (59.7777,184,240.06)
12444 (-59.7777,184,-240.06)
12445 (59.7777,184,-240.06)
12546 (-14.1198,202.4,240.06)
12547 (14.1198,202.4,240.06)
12446 (-14.1198,202.4,-240.06)
12447 (14.1198,202.4,-240.06)
12548 (-27.7396,202.4,240.06)
12549 (27.7396,202.4,240.06)
12448 (-27.7396,202.4,-240.06)
12449 (27.7396,202.4,-240.06)
12550 (-41.3593,202.4,240.06)
12551 (41.3593,202.4,240.06)
12450 (-41.3593,202.4,-240.06)
12451 (41.3593,202.4,-240.06)
12552 (-54.9791,202.4,240.06)
12553 (54.9791,202.4,240.06)
12452 (-54.9791,202.4,-240.06)
12453 (54.9791,202.4,-240.06)
12554 (-68.5989,202.4,240.06)
12555 (68.5989,202.4,240.06)
12454 (-68.5989,202.4,-240.06)
12455 (68.5989,202.4,-240.06)
13500 (-31.0154,21.0276,240.06)
13501 (-21.0276,31.0154,240.06)
13400 (-31.0154,21.0276,-240.06)
13401 (-21.0276,31.0154,-240.06)
13502 (-46.7208,31.3438,240.06)
13503 (-31.3438,46.7208,240.06)
13402 (-46.7208,31.3438,-240.06)
13403 (-31.3438,46.7208,-240.06)
13504 (-59.083,45.0031,240.06)
13505 (-45.0031,59.083,240.06)
13404 (-59.083,45.0031,-240.06)
13405 (-45.0031,59.083,-240.06)
13506 (-65.7694,38.3167,240.06)
13507 (-38.3167,65.7694,240.06)
13406 (-65.7694,38.3167,-240.06)
13407 (-38.3167,65.7694,-240.06)
13508 (-73.8902,56.2175,240.06)
13509 (-56.2175,73.8902,240.06)
13408 (-73.8902,56.2175,-240.06)
13409 (-56.2175,73.8902,-240.06)
13510 (-82.373,47.7347,240.06)
13511 (-47.7347,82.373,240.06)
13410 (-82.373,47.7347,-240.06)
13411 (-47.7347,82.373,-240.06)
13512 (-86.1276,70.0016,240.06)
13513 (-70.0016,86.1276,240.06)
13412 (-86.1276,70.0016,-240.06)
13413 (-70.0016,86.1276,-240.06)
13514 (-93.837,62.2922,240.06)
13515 (-62.2922,93.837,240.06)
13414 (-93.837,62.2922,-240.06)
13415 (-62.2922,93.837,-240.06)
13516 (-101.546,54.5828,240.06)
13517 (-54.5828,101.546,240.06)
13416 (-101.546,54.5828,-240.06)
13417 (-54.5828,101.546,-240.06)
13518 (-100.486,81.6651,240.06)
13519 (-81.6651,100.486,240.06)
13418 (-100.486,81.6651,-240.06)
13419 (-81.6651,100.486,-240.06)
13520 (-109.542,72.6084,240.06)
13521 (-72.6084,109.542,240.06)
13420 (-109.542,72.6084,-240.06)
13421 (-72.6084,109.542,-240.06)
13522 (-118.599,63.5516,240.06)
13523 (-63.5516,118.599,240.06)
13422 (-118.599,63.5516,-240.06)
13423 (-63.5516,118.599,-240.06)
13524 (-114.844,93.3285,240.06)
13525 (-93.3285,114.844,240.06)
13424 (-114.844,93.3285,-240.06)
13425 (-93.3285,114.844,-240.06)
13526 (-125.248,82.9245,240.06)
13527 (-82.9245,125.248,240.06)
13426 (-125.248,82.9245,-240.06)
13427 (-82.9245,125.248,-240.06)
13528 (-135.652,72.5205,240.06)
13529 (-72.5205,135.652,240.06)
13428 (-135.652,72.5205,-240.06)
13429 (-72.5205,135.652,-240.06)
13530 (-126.852,107.342,240.06)
13531 (-107.342,126.852,240.06)
13430 (-126.852,107.342,-240.06)
13431 (-107.342,126.852,-240.06)
13532 (-136.253,97.9412,240.06)
13533 (-97.9412,136.253,240.06)
13432 (-136.253,97.9412,-240.06)
13433 (-97.9412,136.253,-240.06)
13534 (-145.654,88.5401,240.06)
13535 (-88.5401,145.654,240.06)
13434 (-145.654,88.5401,-240.06)
13435 (-88.5401,145.654,-240.06)
13536 (-155.055,79.139,240.06)
13537 (-79.139,155.055,240.06)
13436 (-155.055,79.139,-240.06)
13437 (-79.139,155.055,-240.06)
13538 (-140.94,119.275,240.06)
13539 (-119.275,140.94,240.06)
13438 (-140.94,119.275,-240.06)
13439 (-119.275,140.94,-240.06)
13540 (-151.419,108.796,240.06)
13541 (-108.796,151.419,240.06)
13440 (-151.419,108.796,-240.06)
13441 (-108.796,151.419,-240.06)
13542 (-161.898,98.3173,240.06)
13543 (-98.3173,161.898,240.06)
13442 (-161.898,98.3173,-240.06)
13443 (-98.3173,161.898,-240.06)
13544 (-172.377,87.8384,240.06)
13545 (-87.8384,172.377,240.06)
13444 (-172.377,87.8384,-240.06)
13445 (-87.8384,172.377,-240.06)
13546 (-153.103,133.134,240.06)
13547 (-133.134,153.103,240.06)
13446 (-153.103,133.134,-240.06)
13447 (-133.134,153.103,-240.06)
13548 (-162.733,123.504,240.06)
13549 (-123.504,162.733,240.06)
13448 (-162.733,123.504,-240.06)
13449 (-123.504,162.733,-240.06)
13550 (-172.364,113.873,240.06)
13551 (-113.873,172.364,240.06)
13450 (-172.364,113.873,-240.06)
13451 (-113.873,172.364,-240.06)
13552 (-181.995,104.242,240.06)
13553 (-104.242,181.995,240.06)
13452 (-181.995,104.242,-240.06)
13453 (-104.242,181.995,-240.06)
13554 (-191.625,94.6117,240.06)
13555 (-94.6117,191.625,240.06)
13454 (-191.625,94.6117,-240.06)
13455 (-94.6117,191.625,-240.06)
14500 (-36.8,-7.06245,240.06)
14501 (-36.8,7.06245,240.06)
14400 (-36.8,-7.06245,-240.06)
14401 (-36.8,7.06245,-240.06)
14502 (-55.2,-10.8732,240.06)
14503 (-55.2,10.8732,240.06)
14402 (-55.2,-10.8732,-240.06)
14403 (-55.2,10.8732,-240.06)
14504 (-73.6,-9.95599,240.06)
14505 (-73.6,9.95599,240.06)
14404 (-73.6,-9.95599,-240.06)
14405 (-73.6,9.95599,-240.06)
14506 (-73.6,-19.412,240.06)
14507 (-73.6,19.412,240.06)
14406 (-73.6,-19.412,-240.06)
14407 (-73.6,19.412,-240.06)
14508 (-92,-12.4965,240.06)
14509 (-92,12.4965,240.06)
14408 (-92,-12.4965,-240.06)
14409 (-92,12.4965,-240.06)
14510 (-92,-24.493,240.06)
14511 (-92,24.493,240.06)
14410 (-92,-24.493,-240.06)
14411 (-92,24.493,-240.06)
14512 (-110.4,-11.4028,240.06)
14513 (-110.4,11.4028,240.06)
14412 (-110.4,-11.4028,-240.06)
14413 (-110.4,11.4028,-240.06)
14514 (-110.4,-22.3055,240.06)
14515 (-110.4,22.3055,240.06)
14414 (-110.4,-22.3055,-240.06)
14415 (-110.4,22.3055,-240.06)
14516 (-110.4,-33.2083,240.06)
14517 (-110.4,33.2083,240.06)
14416 (-110.4,-33.2083,-240.06)
14417 (-110.4,33.2083,-240.06)
14518 (-128.8,-13.3081,240.06)
14519 (-128.8,13.3081,240.06)
14418 (-128.8,-13.3081,-240.06)
14419 (-128.8,13.3081,-240.06)
14520 (-128.8,-26.1163,240.06)
14521 (-128.8,26.1163,240.06)
14420 (-128.8,-26.1163,-240.06)
14421 (-128.8,26.1163,-240.06)
14522 (-128.8,-38.9244,240.06)
14523 (-128.8,38.9244,240.06)
14422 (-128.8,-38.9244,-240.06)
14423 (-128.8,38.9244,-240.06)
14524 (-147.2,-15.2135,240.06)
14525 (-147.2,15.2135,240.06)
14424 (-147.2,-15.2135,-240.06)
14425 (-147.2,15.2135,-240.06)
14526 (-147.2,-29.927,240.06)
14527 (-147.2,29.927,240.06)
14426 (-147.2,-29.927,-240.06)
14427 (-147.2,29.927,-240.06)
14528 (-147.2,-44.6406,240.06)
14529 (-147.2,44.6406,240.06)
14428 (-147.2,-44.6406,-240.06)
14429 (-147.2,44.6406,-240.06)
14530 (-165.6,-13.7951,240.06)
14531 (-165.6,13.7951,240.06)
14430 (-165.6,-13.7951,-240.06)
14431 (-165.6,13.7951,-240.06)
14532 (-165.6,-27.0902,240.06)
14533 (-165.6,27.0902,240.06)
14432 (-165.6,-27.0902,-240.06)
14433 (-165.6,27.0902,-240.06)
14534 (-165.6,-40.3854,240.06)
14535 (-165.6,40.3854,240.06)
14434 (-165.6,-40.3854,-240.06)
14435 (-165.6,40.3854,-240.06)
14536 (-165.6,-53.6805,240.06)
14537 (-165.6,53.6805,240.06)
14436 (-165.6,-53.6805,-240.06)
14437 (-165.6,53.6805,-240.06)
14538 (-184,-15.3194,240.06)
14539 (-184,15.3194,240.06)
14438 (-184,-15.3194,-240.06)
14439 (-184,15.3194,-240.06)
14540 (-184,-30.1389,240.06)
14541 (-184,30.1389,240.06)
14440 (-184,-30.1389,-240.06)
14441 (-184,30.1389,-240.06)
14542 (-184,-44.9583,240.06)
14543 (-184,44.9583,240.06)
14442 (-184,-44.9583,-240.06)
14443 (-184,44.9583,-240.06)
14544 (-184,-59.7777,240.06)
14545 (-184,59.7777,240.06)
14444 (-184,-59.7777,-240.06)
14445 (-184,59.7777,-240.06)
14546 (-202.4,-14.1198,240.06)
14547 (-202.4,14.1198,240.06)
14446 (-202.4,-14.1198,-240.06)
14447 (-202.4,14.1198,-240.06)
14548 (-202.4,-27.7396,240.06)
14549 (-202.4,27.7396,240.06)
14448 (-202.4,-27.7396,-240.06)
14449 (-202.4,27.7396,-240.06)
14550 (-202.4,-41.3593,240.06)
14551 (-202.4,41.3593,240.06)
14450 (-202.4,-41.3593,-240.06)
14451 (-202.4,41.3593,-240.06)
14552 (-202.4,-54.9791,240.06)
14553 (-202.4,54.9791,240.06)
14452 (-202.4,-54.9791,-240.06)
14453 (-202.4,54.9791,-240.06)
14554 (-202.4,-68.5989,240.06)
14555 (-202.4,68.5989,240.06)
14454 (-202.4,-68.5989,-240.06)
14455 (-202.4,68.5989,-240.06)
15500 (-21.0276,-31.0154,240.06)
15501 (-31.0154,-21.0276,240.06)
15400 (-21.0276,-31.0154,-240.06)
15401 (-31.0154,-21.0276,-240.06)
15502 (-31.3438,-46.7208,240.06)
15503 (-46.7208,-31.3438,240.06)
15402 (-31.3438,-46.7208,-240.06)
15403 (-46.7208,-31.3438,-240.06)
15504 (-45.0031,-59.083,240.06)
15505 (-59.083,-45.0031,240.06)
15404 (-45.0031,-59.083,-240.06)
15405 (-59.083,-45.0031,-240.06)
15506 (-38.3167,-65.7694,240.06)
15507 (-65.7694,-38.3167,240.06)
15406 (-38.3167,-65.7694,-240.06)
15407 (-65.7694,-38.3167,-240.06)
15508 (-56.2175,-73.8902,240.06)
15509 (-73.8902,-56.2175,240.06)
15408 (-56.2175,-73.8902,-240.06)
15409 (-73.8902,-56.2175,-240.06)
15510 (-47.7347,-82.373,240.06)
15511 (-82.373,-47.7347,240.06)
15410 (-47.7347,-82.373,-240.06)
15411 (-82.373,-47.7347,-240.06)
15512 (-70.0016,-86.1276,240.06)
15513 (-86.1276,-70.0016,240.06)
15412 (-70.0016,-86.1276,-240.06)
15413 (-86.1276,-70.0016,-240.06)
15514 (-62.2922,-93.837,240.06)
15515 (-93.837,-62.2922,240.06)
15414 (-62.2922,-93.837,-240.06)
15415 (-93.837,-62.2922,-240.06)
15516 (-54.5828,-101.546,240.06)
15517 (-101.546,-54.5828,240.06)
15416 (-54.5828,-101.546,-240.06)
15417 (-101.546,-54.5828,-240.06)
15518 (-81.6651,-100.486,240.06)
15519 (-100.486,-81.6651,240.06)
15418 (-81.6651,-100.486,-240.06)
15419 (-100.486,-81.6651,-240.06)
15520 (-72.6084,-109.542,240.06)
15521 (-109.542,-72.6084,240.06)
15420 (-72.6084,-109.542,-240.06)
15421 (-109.542,-72.6084,-240.06)
15522 (-63.5516,-118.599,240.06)
15523 (-118.599,-63.5516,240.06)
15422 (-63.5516,-118.599,-240.06)
15423 (-118.599,-63.5516,-240.06)
15524 (-93.3285,-114.844,240.06)
15525 (-114.844,-93.3285,240.06)
15424 (-93.3285,-114.844,-240.06)
15425 (-114.844,-93.3285,-240.06)
15526 (-82.9245,-125.248,240.06)
15527 (-125.248,-82.9245,240.06)
15426 (-82.9245,-125.248,-240.06)
15427 (-125.248,-82.9245,-240.06)
15528 (-72.5205,-135.652,240.06)
15529 (-135.652,-72.5205,240.06)
15428 (-72.5205,-135.652,-240.06)
15429 (-135.652,-72.5205,-240.06)
15530 (-107.342,-126.852,240.06)
15531 (-126.852,-107.342,240.06)
15430 (-107.342,-126.852,-240.06)
15431 (-126.852,-107.342,-240.06)
15532 (-97.9412,-136.253,240.06)
15533 (-136.253,-97.9412,240.06)
15432 (-97.9412,-136.253,-240.06)
15433 (-136.253,-97.9412,-240.06)
15534 (-88.5401,-145.654,240.06)
15535 (-145.654,-88.5401,240.06)
15434 (-88.5401,-145.654,-240.06)
15435 (-145.654,-88.5401,-240.06)
15536 (-79.139,-155.055,240.06)
15537 (-155.055,-79.139,240.06)
15436 (-79.139,-155.055,-240.06)
15437 (-155.055,-79.139,-240.06)
15538 (-119.275,-140.94,240.06)
15539 (-140.94,-119.275,240.06)
15438 (-119.275,-140.94,-240.06)
15439 (-140.94,-119.275,-240.06)
15540 (-108.796,-151.419,240.06)
15541 (-151.419,-108.796,240.06)
15440 (-108.796,-151.419,-240.06)
15441 (-151.419,-108.796,-240.06)
15542 (-98.3173,-161.898,240.06)
15543 (-161.898,-98.3173,240.06)
15442 (-98.3173,-161.898,-240.06)
15443 (-161.898,-98.3173,-240.06)
15544 (-87.8384,-172.377,240.06)
15545 (-172.377,-87.8384,240.06)
15444 (-87.8384,-172.377,-240.06)
15445 (-172.377,-87.8384,-240.06)
15546 (-133.134,-153.103,240.06)
15547 (-153.103,-133.134,240.06)
15446 (-133.134,-153.103,-240.06)
15447 (-153.103,-133.134,-240.06)
15548 (-123.504,-162.733,240.06)
15549 (-162.733,-123.504,240.06)
15448 (-123.504,-162.733,-240.06)
15449 (-162.733,-123.504,-240.06)
15550 (-113.873,-172.364,240.06)
15551 (-172.364,-113.873,240.06)
15450 (-113.873,-172.364,-240.06)
15451 (-172.364,-113.873,-240.06)
15552 (-104.242,-181.995,240.06)
15553 (-181.995,-104.242,240.06)
15452 (-104.242,-181.995,-240.06)
15453 (-181.995,-104.242,-240.06)
15554 (-94.6117,-191.625,240.06)
15555 (-191.625,-94.6117,240.06)
15454 (-94.6117,-191.625,-240.06)
15455 (-191.625,-94.6117,-240.06)
16500 (7.06245,-36.8,240.06)
16501 (-7.06245,-36.8,240.06)
16400 (7.06245,-36.8,-240.06)
16401 (-7.06245,-36.8,-240.06)
16502 (10.8732,-55.2,240.06)
16503 (-10.8732,-55.2,240.06)
16402 (10.8732,-55.2,-240.06)
16403 (-10.8732,-55.2,-240.06)
16504 (9.95599,-73.6,240.06)
16505 (-9.95599,-73.6,240.06)
16404 (9.95599,-73.6,-240.06)
16405 (-9.95599,-73.6,-240.06)
16506 (19.412,-73.6,240.06)
16507 (-19.412,-73.6,240.06)
16406 (19.412,-73.6,-240.06)
16407 (-19.412,-73.6,-240.06)
16508 (12.4965,-92,240.06)
16509 (-12.4965,-92,240.06)
16408 (12.4965,-92,-240.06)
16409 (-12.4965,-92,-240.06)
16510 (24.493,-92,240.06)
16511 (-24.493,-92,240.06)
16410 (24.493,-92,-240.06)
16411 (-24.493,-92,-240.06)
16512 (11.4028,-110.4,240.06)
16513 (-11.4028,-110.4,240.06)
16412 (11.4028,-110.4,-240.06)
16413 (-11.4028,-110.4,-240.06)
16514 (22.3055,-110.4,240.06)
16515 (-22.3055,-110.4,240.06)
16414 (22.3055,-110.4,-240.06)
16415 (-22.3055,-110.4,-240.06)
16516 (33.2083,-110.4,240.06)
16517 (-33.2083,-110.4,240.06)
16416 (33.2083,-110.4,-240.06)
16417 (-33.2083,-110.4,-240.06)
16518 (13.3081,-128.8,240.06)
16519 (-13.3081,-128.8,240.06)
16418 (13.3081,-128.8,-240.06)
16419 (-13.3081,-128.8,-240.06)
16520 (26.1163,-128.8,240.06)
16521 (-26.1163,-128.8,240.06)
16420 (26.1163,-128.8,-240.06)
16421 (-26.1163,-128.8,-240.06)
16522 (38.9244,-128.8,240.06)
16523 (-38.9244,-128.8,240.06)
16422 (38.9244,-128.8,-240.06)
16423 (-38.9244,-128.8,-240.06)
16524 (15.2135,-147.2,240.06)
16525 (-15.2135,-147.2,240.06)
16424 (15.2135,-147.2,-240.06)
16425 (-15.2135,-147.2,-240.06)
16526 (29.927,-147.2,240.06)
16527 (-29.927,-147.2,240.06)
16426 (29.927,-147.2,-240.06)
16427 (-29.927,-147.2,-240.06)
16528 (44.6406,-147.2,240.06)
16529 (-44.6406,-147.2,240.06)
16428 (44.6406,-147.2,-240.06)
16429 (-44.6406,-147.2,-240.06)
16530 (13.7951,-165.6,240.06)
16531 (-13.7951,-165.6,240.06)
16430 (13.7951,-165.6,-240.06)
16431 (-13.7951,-165.6,-240.06)
16532 (27.0902,-165.6,240.06)
16533 (-27.0902,-165.6,240.06)
16432 (27.0902,-165.6,-240.06)
16433 (-27.0902,-165.6,-240.06)
16534 (40.3854,-165.6,240.06)
16535 (-40.3854,-165.6,240.06)
16434 (40.3854,-165.6,-240.06)
16435 (-40.3854,-165.6,-240.06)
16536 (53.6805,-165.6,240.06)
16537 (-53.6805,-165.6,240.06)
16436 (53.6805,-165.6,-240.06)
16437 (-53.6805,-165.6,-240.06)
16538 (15.3194,-184,240.06)
16539 (-15.3194,-184,240.06)
16438 (15.3194,-184,-240.06)
16439 (-15.3194,-184,-240.06)
16540 (30.1389,-184,240.06)
16541 (-30.1389,-184,240.06)
16440 (30.1389,-184,-240.06)
16441 (-30.1389,-184,-240.06)
16542 (44.9583,-184,240.06)
16543 (-44.9583,-184,240.06)
16442 (44.9583,-184,-240.06)
16443 (-44.9583,-184,-240.06)
16544 (59.7777,-184,240.06)
16545 (-59.7777,-184,240.06)
16444 (59.7777,-184,-240.06)
16445 (-59.7777,-184,-240.06)
16546 (14.1198,-202.4,240.06)
16547 (-14.1198,-202.4,240.06)
16446 (14.1198,-202.4,-240.06)
16447 (-14.1198,-202.4,-240.06)
16548 (27.7396,-202.4,240.06)
16549 (-27.7396,-202.4,240.06)
16448 (27.7396,-202.4,-240.06)
16449 (-27.7396,-202.4,-240.06)
16550 (41.3593,-202.4,240.06)
16551 (-41.3593,-202.4,240.06)
16450 (41.3593,-202.4,-240.06)
16451 (-41.3593,-202.4,-240.06)
16552 (54.9791,-202.4,240.06)
16553 (-54.9791,-202.4,240.06)
16452 (54.9791,-202.4,-240.06)
16453 (-54.9791,-202.4,-240.06)
16554 (68.5989,-202.4,240.06)
16555 (-68.5989,-202.4,240.06)
16454 (68.5989,-202.4,-240.06)
16455 (-68.5989,-202.4,-240.06)
17500 (31.0154,-21.0276,240.06)
17501 (21.0276,-31.0154,240.06)
17400 (31.0154,-21.0276,-240.06)
17401 (21.0276,-31.0154,-240.06)
17502 (46.7208,-31.3438,240.06)
17503 (31.3438,-46.7208,240.06)
17402 (46.7208,-31.3438,-240.06)
17403 (31.3438,-46.7208,-240.06)
17504 (59.083,-45.0031,240.06)
17505 (45.0031,-59.083,240.06)
17404 (59.083,-45.0031,-240.06)
17405 (45.0031,-59.083,-240.06)
17506 (65.7694,-38.3167,240.06)
17507 (38.3167,-65.7694,240.06)
17406 (65.7694,-38.3167,-240.06)
17407 (38.3167,-65.7694,-240.06)
17508 (73.8902,-56.2175,240.06)
17509 (56.2175,-73.8902,240.06)
17408 (73.8902,-56.2175,-240.06)
17409 (56.2175,-73.8902,-240.06)
17510 (82.373,-47.7347,240.06)
17511 (47.7347,-82.373,240.06)
17410 (82.373,-47.7347,-240.06)
17411 (47.7347,-82.373,-240.06)
17512 (86.1276,-70.0016,240.06)
17513 (70.0016,-86.1276,240.06)
17412 (86.1276,-70.0016,-240.06)
17413 (70.0016,-86.1276,-240.06)
17514 (93.837,-62.2922,240.06)
17515 (62.2922,-93.837,240.06)
17414 (93.837,-62.2922,-240.06)
17415 (62.2922,-93.837,-240.06)
17516 (101.546,-54.5828,240.06)
17517 (54.5828,-101.546,240.06)
17416 (101.546,-54.5828,-240.06)
17417 (54.5828,-101.546,-240.06)
17518 (100.486,-81.6651,240.06)
17519 (81.6651,-100.486,240.06)
17418 (100.486,-81.6651,-240.06)
17419 (81.6651,-100.486,-240.06)
17520 (109.542,-72.6084,240.06)
17521 (72.6084,-109.542,240.06)
17420 (109.542,-72.6084,-240.06)
17421 (72.6084,-109.542,-240.06)
17522 (118.599,-63.5516,240.06)
17523 (63.5516,-118.599,240.06)
17422 (118.599,-63.5516,-240.06)
17423 (63.5516,-118.599,-240.06)
17524 (114.844,-93.3285,240.06)
17525 (93.3285,-114.844,240.06)
17424 (114.844,-93.3285,-240.06)
17425 (93.3285,-114.844,-240.06)
17526 (125.248,-82.9245,240.06)
17527 (82.9245,-125.248,240.06)
17426 (125.248,-82.9245,-240.06)
17427 (82.9245,-125.248,-240.06)
17528 (135.652,-72.5205,240.06)
17529 (72.5205,-135.652,240.06)
17428 (135.652,-72.5205,-240.06)
17429 (72.5205,-135.652,-240.06)
17530 (126.852,-107.342,240.06)
17531 (107.342,-126.852,240.06)
17430 (126.852,-107.342,-240.06)
17431 (107.342,-126.852,-240.06)
17532 (136.253,-97.9412,240.06)
17533 (97.9412,-136.253,240.06)
17432 (136.253,-97.9412,-240.06)
17433 (97.9412,-136.253,-240.06)
17534 (145.654,-88.5401,240.06)
17535 (88.5401,-145.654,240.06)
17434 (145.654,-88.5401,-240.06)
17435 (88.5401,-145.654,-240.06)
17536 (155.055,-79.139,240.06)
17537 (79.139,-155.055,240.06)
17436 (155.055,-79.139,-240.06)
17437 (79.139,-155.055,-240.06)
17538 (140.94,-119.275,240.06)
17539 (119.275,-140.94,240.06)
17438 (140.94,-119.275,-240.06)
17439 (119.275,-140.94,-240.06)
17540 (151.419,-108.796,240.06)
17541 (108.796,-151.419,240.06)
17440 (151.419,-108.796,-240.06)
17441 (108.796,-151.419,-240.06)
17542 (161.898,-98.3173,240.06)
17543 (98.3173,-161.898,240.06)
17442 (161.898,-98.3173,-240.06)
17443 (98.3173,-161.898,-240.06)
17544 (172.377,-87.8384,240.06)
17545 (87.8384,-172.377,240.06)
17444 (172.377,-87.8384,-240.06)
17445 (87.8384,-172.377,-240.06)
17546 (153.103,-133.134,240.06)
17547 (133.134,-153.103,240.06)
17446 (153.103,-133.134,-240.06)
17447 (133.134,-153.103,-240.06)
17548 (162.733,-123.504,240.06)
17549 (123.504,-162.733,240.06)
17448 (162.733,-123.504,-240.06)
17449 (123.504,-162.733,-240.06)
17550 (172.364,-113.873,240.06)
17551 (113.873,-172.364,240.06)
17450 (172.364,-113.873,-240.06)
17451 (113.873,-172.364,-240.06)
17552 (181.995,-104.242,240.06)
17553 (104.242,-181.995,240.06)
17452 (181.995,-104.242,-240.06)
17453 (104.242,-181.995,-240.06)
17554 (191.625,-94.6117,240.06)
17555 (94.6117,-191.625,240.06)
17454 (191.625,-94.6117,-240.06)
17455 (94.6117,-191.625,-240.06)
20500 (51.8054,5.43667,251.68)
20501 (51.8054,-5.43667,251.68)
20400 (51.8054,5.43667,-251.68)
20401 (51.8054,-5.43667,-251.68)
20502 (94.6325,11.4324,251.68)
20503 (94.6325,-11.4324,251.68)
20402 (94.6325,11.4324,-251.68)
20403 (94.6325,-11.4324,-251.68)
20504 (134.594,17.4281,251.68)
20505 (134.594,-17.4281,251.68)
20404 (134.594,17.4281,-251.68)
20405 (134.594,-17.4281,-251.68)
20506 (162.971,15.7826,251.68)
20507 (162.971,-15.7826,251.68)
20406 (162.971,15.7826,-251.68)
20407 (162.971,-15.7826,-251.68)
20508 (162.971,31.0652,251.68)
20509 (162.971,-31.0652,251.68)
20408 (162.971,31.0652,-251.68)
20409 (162.971,-31.0652,-251.68)
20510 (186.117,19.7798,251.68)
20511 (186.117,-19.7798,251.68)
20410 (186.117,19.7798,-251.68)
20411 (186.117,-19.7798,-251.68)
20512 (186.117,39.0595,251.68)
20513 (186.117,-39.0595,251.68)
20412 (186.117,39.0595,-251.68)
20413 (186.117,-39.0595,-251.68)
20514 (206.207,17.9577,251.68)
20515 (206.207,-17.9577,251.68)
20414 (206.207,17.9577,-251.68)
20415 (206.207,-17.9577,-251.68)
20516 (206.207,35.4154,251.68)
20517 (206.207,-35.4154,251.68)
20416 (206.207,35.4154,-251.68)
20417 (206.207,-35.4154,-251.68)
20518 (206.207,52.8731,251.68)
20519 (206.207,-52.8731,251.68)
20418 (206.207,52.8731,-251.68)
20419 (206.207,-52.8731,-251.68)
20520 (224.245,20.9556,251.68)
20521 (224.245,-20.9556,251.68)
20420 (224.245,20.9556,-251.68)
20421 (224.245,-20.9556,-251.68)
20522 (224.245,41.4111,251.68)
20523 (224.245,-41.4111,251.68)
20422 (224.245,41.4111,-251.68)
20423 (224.245,-41.4111,-251.68)
20524 (224.245,61.8667,251.68)
20525 (224.245,-61.8667,251.68)
20424 (224.245,61.8667,-251.68)
20425 (224.245,-61.8667,-251.68)
21500 (32.7877,40.4763,251.68)
21501 (40.4763,32.7877,251.68)
21400 (32.7877,40.4763,-251.68)
21401 (40.4763,32.7877,-251.68)
21502 (58.8314,74.9992,251.68)
21503 (74.9992,58.8314,251.68)
21402 (58.8314,74.9992,-251.68)
21403 (74.9992,58.8314,-251.68)
21504 (82.849,107.496,251.68)
21505 (107.496,82.849,251.68)
21404 (82.849,107.496,-251.68)
21405 (107.496,82.849,-251.68)
21506 (104.078,126.398,251.68)
21507 (126.398,104.078,251.68)
21406 (104.078,126.398,-251.68)
21407 (126.398,104.078,-251.68)
21508 (93.2716,137.204,251.68)
21509 (137.204,93.2716,251.68)
21408 (93.2716,137.204,-251.68)
21409 (137.204,93.2716,-251.68)
21510 (117.618,145.591,251.68)
21511 (145.591,117.618,251.68)
21410 (117.618,145.591,-251.68)
21411 (145.591,117.618,-251.68)
21512 (103.985,159.224,251.68)
21513 (159.224,103.985,251.68)
21412 (103.985,159.224,-251.68)
21413 (159.224,103.985,-251.68)
21514 (133.113,158.509,251.68)
21515 (158.509,133.113,251.68)
21414 (133.113,158.509,-251.68)
21415 (158.509,133.113,-251.68)
21516 (120.768,170.853,251.68)
21517 (170.853,120.768,251.68)
21416 (120.768,170.853,-251.68)
21417 (170.853,120.768,-251.68)
21518 (108.424,183.197,251.68)
21519 (183.197,108.424,251.68)
21418 (108.424,183.197,-251.68)
21419 (183.197,108.424,-251.68)
21520 (143.747,173.383,251.68)
21521 (173.383,143.747,251.68)
21420 (143.747,173.383,-251.68)
21421 (173.383,143.747,-251.68)
21522 (129.283,187.847,251.68)
21523 (187.847,129.283,251.68)
21422 (129.283,187.847,-251.68)
21423 (187.847,129.283,-251.68)
21524 (114.818,202.311,251.68)
21525 (202.311,114.818,251.68)
21424 (114.818,202.311,-251.68)
21425 (202.311,114.818,-251.68)
22500 (-5.43667,51.8054,251.68)
22501 (5.43667,51.8054,251.68)
22400 (-5.43667,51.8054,-251.68)
22401 (5.43667,51.8054,-251.68)
22502 (-11.4324,94.6325,251.68)
22503 (11.4324,94.6325,251.68)
22402 (-11.4324,94.6325,-251.68)
22403 (11.4324,94.6325,-251.68)
22504 (-17.4281,134.594,251.68)
22505 (17.4281,134.594,251.68)
22404 (-17.4281,134.594,-251.68)
22405 (17.4281,134.594,-251.68)
22506 (-15.7826,162.971,251.68)
22507 (15.7826,162.971,251.68)
22406 (-15.7826,162.971,-251.68)
22407 (15.7826,162.971,-251.68)
22508 (-31.0652,162.971,251.68)
22509 (31.0652,162.971,251.68)
22408 (-31.0652,162.971,-251.68)
22409 (31.0652,162.971,-251.68)
22510 (-19.7798,186.117,251.68)
22511 (19.7798,186.117,251.68)
22410 (-19.7798,186.117,-251.68)
22411 (19.7798,186.117,-251.68)
22512 (-39.0595,186.117,251.68)
22513 (39.0595,186.117,251.68)
22412 (-39.0595,186.117,-251.68)
22413 (39.0595,186.117,-251.68)
22514 (-17.9577,206.207,251.68)
22515 (17.9577,206.207,251.68)
22414 (-17.9577,206.207,-251.68)
22415 (17.9577,206.207,-251.68)
22516 (-35.4154,206.207,251.68)
22517 (35.4154,206.207,251.68)
22416 (-35.4154,206.207,-251.68)
22417 (35.4154,206.207,-251.68)
22518 (-52.8731,206.207,251.68)
22519 (52.8731,206.207,251.68)
22418 (-52.8731,206.207,-251.68)
22419 (52.8731,206.207,-251.68)
22520 (-20.9556,224.245,251.68)
22521 (20.9556,224.245,251.68)
22420 (-20.9556,224.245,-251.68)
22421 (20.9556,224.245,-251.68)
22522 (-41.4111,224.245,251.68)
22523 (41.4111,224.245,251.68)
22422 (-41.4111,224.245,-251.68)
22423 (41.4111,224.245,-251.68)
22524 (-61.8667,224.245,251.68)
22525 (61.8667,224.245,251.68)
22424 (-61.8667,224.245,-251.68)
22425 (61.8667,224.245,-251.68)
23500 (-40.4763,32.7877,251.68)
23501 (-32.7877,40.4763,251.68)
23400 (-40.4763,32.7877,-251.68)
23401 (-32.7877,40.4763,-251.68)
23502 (-74.9992,58.8314,251.68)
23503 (-58.8314,74.9992,251.68)
23402 (-74.9992,58.8314,-251.68)
23403 (-58.8314,74.9992,-251.68)
23504 (-107.496,82.849,251.68)
23505 (-82.849,107.496,251.68)
23404 (-107.496,82.849,-251.68)
23405 (-82.849,107.496,-251.68)
23506 (-126.398,104.078,251.68)
23507 (-104.078,126.398,251.68)
23406 (-126.398,104.078,-251.68)
23407 (-104.078,126.398,-251.68)
23508 (-137.204,93.2716,251.68)
23509 (-93.2716,137.204,251.68)
23408 (-137.204,93.2716,-251.68)
23409 (-93.2716,137.204,-251.68)
23510 (-145.591,117.618,251.68)
23511 (-117.618,145.591,251.68)
23410 (-145.591,117.618,-251.68)
23411 (-117.618,145.591,-251.68)
23512 (-159.224,103.985,251.68)
23513 (-103.985,159.224,251.68)
23412 (-159.224,103.985,-251.68)
23413 (-103.985,159.224,-251.68)
23514 (-158.509,133.113,251.68)
23515 (-133.113,158.509,251.68)
23414 (-158.509,133.113,-251.68)
23415 (-133.113,158.509,-251.68)
23516 (-170.853,120.768,251.68)
23517 (-120.768,170.853,251.68)
23416 (-170.853,120.768,-251.68)
23417 (-120.768,170.853,-251.68)
23518 (-183.197,108.424,251.68)
23519 (-108.424,183.197,251.68)
23418 (-183.197,108.424,-251.68)
23419 (-108.424,183.197,-251.68)
23520 (-173.383,143.747,251.68)
23521 (-143.747,173.383,251.68)
23420 (-173.383,143.747,-251.68)
23421 (-143.747,173.383,-251.68)
23522 (-187.847,129.283,251.68)
23523 (-129.283,187.847,251.68)
23422 (-187.847,129.283,-251.68)
23423 (-129.283,187.847,-251.68)
23524 (-202.311,114.818,251.68)
23525 (-114.818,202.311,251.68)
23424 (-202.311,114.818,-251.68)
23425 (-114.818,202.311,-251.68)
24500 (-51.8054,-5.43667,251.68)
24501 (-51.8054,5.43667,251.68)
24400 (-51.8054,-5.43667,-251.68)
24401 (-51.8054,5.43667,-251.68)
24502 (-94.6325,-11.4324,251.68)
24503 (-94.6325,11.4324,251.68)
24402 (-94.6325,-11.4324,-251.68)
24403 (-94.6325,11.4324,-251.68)
24504 (-134.594,-17.4281,251.68)
24505 (-134.594,17.4281,251.68)
24404 (-134.594,-17.4281,-251.68)
24405 (-134.594,17.4281,-251.68)
24506 (-162.971,-15.7826,251.68)
24507 (-162.971,15.7826,251.68)
24406 (-162.971,-15.7826,-251.68)
24407 (-162.971,15.7826,-251.68)
24508 (-162.971,-31.0652,251.68)
24509 (-162.971,31.0652,251.68)
24408 (-162.971,-31.0652,-251.68)
24409 (-162.971,31.0652,-251.68)
24510 (-186.117,-19.7798,251.68)
24511 (-186.117,19.7798,251.68)
24410 (-186.117,-19.7798,-251.68)
24411 (-186.117,19.7798,-251.68)
24512 (-186.117,-39.0595,251.68)
24513 (-186.117,39.0595,251.68)
24412 (-186.117,-39.0595,-251.68)
24413 (-186.117,39.0595,-251.68)
24514 (-206.207,-17.9577,251.68)
24515 (-206.207,17.9577,251.68)
24414 (-206.207,-17.9577,-251.68)
24415 (-206.207,17.9577,-251.68)
24516 (-206.207,-35.4154,251.68)
24517 (-206.207,35.4154,251.68)
24416 (-206.207,-35.4154,-251.68)
24417 (-206.207,35.4154,-251.68)
24518 (-206.207,-52.8731,251.68)
24519 (-206.207,52.8731,251.68)
24418 (-206.207,-52.8731,-251.68)
24419 (-206.207,52.8731,-251.68)
24520 (-224.245,-20.9556,251.68)
24521 (-224.245,20.9556,251.68)
24420 (-224.245,-20.9556,-251.68)
24421 (-224.245,20.9556,-251.68)
24522 (-224.245,-41.4111,251.68)
24523 (-224.245,41.4111,251.68)
24422 (-224.245,-41.4111,-251.68)
24423 (-224.245,41.4111,-251.68)
24524 (-224.245,-61.8667,251.68)
24525 (-224.245,61.8667,251.68)
24424 (-224.245,-61.8667,-251.68)
24425 (-224.245,61.8667,-251.68)
25500 (-32.7877,-40.4763,251.68)
25501 (-40.4763,-32.7877,251.68)
25400 (-32.7877,-40.4763,-251.68)
25401 (-40.4763,-32.7877,-251.68)
25502 (-58.8314,-74.9992,251.68)
25503 (-74.9992,-58.8314,251.68)
25402 (-58.8314,-74.9992,-251.68)
25403 (-74.9992,-58.8314,-251.68)
25504 (-82.849,-107.496,251.68)
25505 (-107.496,-82.849,251.68)
25404 (-82.849,-107.496,-251.68)
25405 (-107.496,-82.849,-251.68)
25506 (-104.078,-126.398,251.68)
25507 (-126.398,-104.078,251.68)
25406 (-104.078,-126.398,-251.68)
25407 (-126.398,-104.078,-251.68)
25508 (-93.2716,-137.204,251.68)
25509 (-137.204,-93.2716,251.68)
25408 (-93.2716,-137.204,-251.68)
25409 (-137.204,-93.2716,-251.68)
25510 (-117.618,-145.591,251.68)
25511 (-145.591,-117.618,251.68)
25410 (-117.618,-145.591,-251.68)
25411 (-145.591,-117.618,-251.68)
25512 (-103.985,-159.224,251.68)
25513 (-159.224,-103.985,251.68)
25412 (-103.985,-159.224,-251.68)
25413 (-159.224,-103.985,-251.68)
25514 (-133.113,-158.509,251.68)
25515 (-158.509,-133.113,251.68)
25414 (-133.113,-158.509,-251.68)
25415 (-158.509,-133.113,-251.68)
25516 (-120.768,-170.853,251.68)
25517 (-170.853,-120.768,251.68)
25416 (-120.768,-170.853,-251.68)
25417 (-170.853,-120.768,-251.68)
25518 (-108.424,-183.197,251.68)
25519 (-183.197,-108.424,251.68)
25418 (-108.424,-183.197,-251.68)
25419 (-183.197,-108.424,-251.68)
25520 (-143.747,-173.383,251.68)
25521 (-173.383,-143.747,251.68)
25420 (-143.747,-173.383,-251.68)
25421 (-173.383,-143.747,-251.68)
25522 (-129.283,-187.847,251.68)
25523 (-187.847,-129.283,251.68)
25422 (-129.283,-187.847,-251.68)
25423 (-187.847,-129.283,-251.68)
25524 (-114.818,-202.311,251.68)
25525 (-202.311,-114.818,251.68)
25424 (-114.818,-202.311,-251.68)
25425 (-202.311,-114.818,-251.68)
26500 (5.43667,-51.8054,251.68)
26501 (-5.43667,-51.8054,251.68)
26400 (5.43667,-51.8054,-251.68)
26401 (-5.43667,-51.8054,-251.68)
26502 (11.4324,-94.6325,251.68)
26503 (-11.4324,-94.6325,251.68)
26402 (11.4324,-94.6325,-251.68)
26403 (-11.4324,-94.6325,-251.68)
26504 (17.4281,-134.594,251.68)
26505 (-17.4281,-134.594,251.68)
26404 (17.4281,-134.594,-251.68)
26405 (-17.4281,-134.594,-251.68)
26506 (15.7826,-162.971,251.68)
26507 (-15.7826,-162.971,251.68)
26406 (15.7826,-162.971,-251.68)
26407 (-15.7826,-162.971,-251.68)
26508 (31.0652,-162.971,251.68)
26509 (-31.0652,-162.971,251.68)
26408 (31.0652,-162.971,-251.68)
26409 (-31.0652,-162.971,-251.68)
26510 (19.7798,-186.117,251.68)
26511 (-19.7798,-186.117,251.68)
26410 (19.7798,-186.117,-251.68)
26411 (-19.7798,-186.117,-251.68)
26512 (39.0595,-186.117,251.68)
26513 (-39.0595,-186.117,251.68)
26412 (39.0595,-186.117,-251.68)
26413 (-39.0595,-186.117,-251.68)
26514 (17.9577,-206.207,251.68)
26515 (-17.9577,-206.207,251.68)
26414 (17.9577,-206.207,-251.68)
26415 (-17.9577,-206.207,-251.68)
26516 (35.4154,-206.207,251.68)
26517 (-35.4154,-206.207,251.68)
26416 (35.4154,-206.207,-251.68)
26417 (-35.4154,-206.207,-251.68)
26518 (52.8731,-206.207,251.68)
26519 (-52.8731,-206.207,251.68)
26418 (52.8731,-206.207,-251.68)
26419 (-52.8731,-206.207,-251.68)
26520 (20.9556,-224.245,251.68)
26521 (-20.9556,-224.245,251.68)
26420 (20.9556,-224.245,-251.68)
26421 (-20.9556,-224.245,-251.68)
26522 (41.4111,-224.245,251.68)
26523 (-41.4111,-224.245,251.68)
26422 (41.4111,-224.245,-251.68)
26423 (-41.4111,-224.245,-251.68)
26524 (61.8667,-224.245,251.68)
26525 (-61.8667,-224.245,251.68)
26424 (61.8667,-224.245,-251.68)
26425 (-61.8667,-224.245,-251.68)
27500 (40.4763,-32.7877,251.68)
27501 (32.7877,-40.4763,251.68)
27400 (40.4763,-32.7877,-251.68)
27401 (32.7877,-40.4763,-251.68)
27502 (74.9992,-58.8314,251.68)
27503 (58.8314,-74.9992,251.68)
27402 (74.9992,-58.8314,-251.68)
27403 (58.8314,-74.9992,-251.68)
27504 (107.496,-82.849,251.68)
27505 (82.849,-107.496,251.68)
27404 (107.496,-82.849,-251.68)
27405 (82.849,-107.496,-251.68)
27506 (126.398,-104.078,251.68)
27507 (104.078,-126.398,251.68)
27406 (126.398,-104.078,-251.68)
27407 (104.078,-126.398,-251.68)
27508 (137.204,-93.2716,251.68)
27509 (93.2716,-137.204,251.68)
27408 (137.204,-93.2716,-251.68)
27409 (93.2716,-137.204,-251.68)
27510 (145.591,-117.618,251.68)
27511 (117.618,-145.591,251.68)
27410 (145.591,-117.618,-251.68)
27411 (117.618,-145.591,-251.68)
27512 (159.224,-103.985,251.68)
27513 (103.985,-159.224,251.68)
27412 (159.224,-103.985,-251.68)
27413 (103.985,-159.224,-251.68)
27514 (158.509,-133.113,251.68)
27515 (133.113,-158.509,251.68)
27414 (158.509,-133.113,-251.68)
27415 (133.113,-158.509,-251.68)
27516 (170.853,-120.768,251.68)
27517 (120.768,-170.853,251.68)
27416 (170.853,-120.768,-251.68)
27417 (120.768,-170.853,-251.68)
27518 (183.197,-108.424,251.68)
27519 (108.424,-183.197,251.68)
27418 (183.197,-108.424,-251.68)
27419 (108.424,-183.197,-251.68)
27520 (173.383,-143.747,251.68)
27521 (143.747,-173.383,251.68)
27420 (173.383,-143.747,-251.68)
27421 (143.747,-173.383,-251.68)
27522 (187.847,-129.283,251.68)
27523 (129.283,-187.847,251.68)
27422 (187.847,-129.283,-251.68)
27423 (129.283,-187.847,-251.68)
27524 (202.311,-114.818,251.68)
27525 (114.818,-202.311,251.68)
27424 (202.311,-114.818,-251.68)
27425 (114.818,-202.311,-251.68)
