2.07375892218052 0
2.07705192629816 0
2.08053691275168 0
2.08403361344538 0
2.08754208754209 0
2.09106239460371 0
2.09459459459459 0
2.09813874788494 0
2.10169491525424 0
2.10526315789474 0
2.10884353741497 0
2.11243611584327 0
2.1160409556314 0
2.11965811965812 0
2.12328767123288 0
2.12692967409949 0
2.13058419243986 0
2.1342512908778 0
2.13793103448276 0
2.14162348877375 0
2.14532871972318 0
2.14904679376083 0
2.15277777777778 0
2.15652173913043 0
2.1602787456446 0
2.16404886561955 0
2.16783216783217 0
2.17162872154116 0
2.17543859649123 0
2.1792618629174 0
2.1830985915493 0
2.18694885361552 0
2.19081272084806 0
2.19469026548673 0
2.19858156028369 0.0015125
2.20248667850799 0.008112500000001
2.20640569395018 0.014812500000002
2.21033868092692 0.021612500000002
2.21428571428571 0.0283125
2.21824686940966 0.035012500000001
2.22222222222222 0.041712500000001
2.2262118491921 0.048312500000002
2.23021582733813 0.0549125
2.23423423423423 0.061312500000002
2.23826714801444 0.067812500000001
2.24231464737794 0.074412500000001
2.2463768115942 0.0810125
2.25045372050817 0.088012500000001
2.25454545454545 0.095112500000001
2.25865209471767 0.102712500000001
2.26277372262774 0.1106125
2.26691042047532 0.1191125
2.27106227106227 0.1282125
2.27522935779817 0.138212500000002
2.27941176470588 0.1494125
2.28360957642726 0.162012500000001
2.28782287822878 0.1761125
2.29205175600739 0.1921125
2.2962962962963 0.210312500000001
2.30055658627087 0.230912500000001
2.30483271375465 0.254112500000002
2.30912476722533 0.279412500000001
2.3134328358209 0.306312500000001
2.31775700934579 0.334412500000001
2.32209737827715 0.363112500000001
2.32645403377111 0.3919125
2.33082706766917 0.420212500000002
2.33521657250471 0.4474125
2.33962264150943 0.473112500000001
2.34404536862004 0.497612500000001
2.34848484848485 0.521612500000002
2.35294117647059 0.5459125
2.3574144486692 0.5709125
2.36190476190476 0.597412500000001
2.36641221374046 0.626012500000002
2.37093690248566 0.657412500000001
2.37547892720307 0.6922125
2.38003838771593 0.730512500000001
2.38461538461538 0.7721125
2.38921001926782 0.816612500000002
2.39382239382239 0.8637125
2.39845261121857 0.912812500000001
2.4031007751938 0.963812500000001
2.40776699029126 1.0162125
2.4124513618677 1.0696125
2.41715399610136 1.1238125
2.421875 1.1792125
2.426614481409 1.2362125
2.43137254901961 1.2955125
2.43614931237721 1.3576125
2.44094488188976 1.4232125
2.44575936883629 1.4929125
2.45059288537549 1.5672125
2.45544554455446 1.6466125
2.46031746031746 1.7311125
2.46520874751491 1.8202125
2.47011952191235 1.9135125
2.4750499001996 2.0106125
2.48 2.1111125
2.48496993987976 2.2147125
2.48995983935743 2.3209125
2.49496981891348 2.4295125
2.5 2.5400125
2.50505050505051 2.6520125
2.51012145748988 2.7651125
2.51521298174442 2.8788125
2.52032520325203 2.9926125
2.52545824847251 3.1058125
2.53061224489796 3.2183125
2.53578732106339 3.3311125
2.54098360655738 3.4454125
2.54620123203285 3.5625125
2.55144032921811 3.6837125
2.55670103092783 3.8108125
2.56198347107438 3.9456125
2.56728778467909 4.0903125
2.57261410788382 4.2455125
2.57796257796258 4.4109125
2.58333333333333 4.5861125
2.58872651356994 4.7700125
2.59414225941423 4.9614125
2.59958071278826 5.1588125
2.60504201680672 5.3627125
2.61052631578947 5.5738125
2.61603375527426 5.7935125
2.6215644820296 6.0231125
2.6271186440678 6.2643125
2.63269639065817 6.5168125
2.63829787234043 6.7783125
2.64392324093817 7.0454125
2.64957264957265 7.3141125
2.65524625267666 7.5811125
2.66094420600858 7.8443125
2.66666666666667 8.1026125
2.67241379310345 8.3548125
2.67818574514039 8.5999125
2.68398268398268 8.8317125
2.68980477223427 9.0427125
2.69565217391304 9.2288125
2.70152505446623 9.3888125
2.70742358078603 9.5235125
2.71334792122538 9.6358125
2.71929824561403 9.7335125
2.72527472527473 9.8234125
2.73127753303965 9.9107125
2.73730684326711 10.0000125
2.74336283185841 10.0967125
2.74944567627494 10.2070125
2.75555555555556 10.3403125
2.76169265033408 10.5038125
2.76785714285714 10.7002125
2.77404921700224 10.9302125
2.78026905829596 11.1908125
2.78651685393258 11.4728125
2.79279279279279 11.7682125
2.79909706546275 12.0818125
2.80542986425339 12.4219125
2.81179138321995 12.7981125
2.81818181818182 13.2131125
2.8246013667426 13.6569125
2.8310502283105 14.1136125
2.83752860411899 14.5564125
2.84403669724771 14.9601125
2.85057471264368 15.3256125
2.85714285714286 15.6569125
2.86374133949192 15.9424125
2.87037037037037 16.1670125
2.87703016241299 16.3097125
2.88372093023256 16.3346125
2.89044289044289 16.2026125
2.89719626168224 15.9146125
2.903981264637 15.4938125
2.91079812206573 15.0012125
2.91764705882353 14.5115125
2.92452830188679 14.0476125
2.93144208037825 13.6168125
2.93838862559242 13.2291125
2.94536817102138 12.8976125
2.95238095238095 12.6247125
2.95942720763723 12.4079125
2.96650717703349 12.2373125
2.97362110311751 12.1007125
2.98076923076923 11.9898125
2.98795180722892 11.8986125
2.9951690821256 11.8225125
3.00242130750605 11.7580125
3.00970873786408 11.7002125
3.01703163017032 11.6433125
3.02439024390244 11.5814125
3.03178484107579 11.5077125
3.03921568627451 11.4111125
3.04668304668305 11.2679125
3.05418719211823 11.0020125
3.06172839506173 10.3168125
3.06930693069307 9.2096125
3.07692307692308 8.2559125
3.08457711442786 6.9717125
3.09226932668329 5.6926125
3.1 4.4097125
3.1077694235589 3.1056125
3.11557788944724 2.0396125
3.12342569269521 1.2056125
3.13131313131313 0.6892125
3.13924050632911 0.4078125
3.14720812182741 0.242012500000001
3.15521628498728 0.1388125
3.16326530612245 0.0695125
3.17135549872123 0.021312500000001
3.17948717948718 0
3.18766066838046 0
3.19587628865979 0
3.20413436692506 0
3.21243523316062 0
3.22077922077922 0
3.22916666666667 0
3.23759791122715 0
3.24607329842932 0
3.25459317585302 0
3.26315789473684 0
3.27176781002639 0
3.28042328042328 0
3.28912466843501 0
3.29787234042553 0
3.30666666666667 0
3.31550802139037 0
3.32439678284182 0
3.33333333333333 0
3.34231805929919 0
3.35135135135135 0
3.36043360433604 0
3.3695652173913 0
3.37874659400545 0
3.3879781420765 0
3.3972602739726 0
3.40659340659341 0
3.41597796143251 0
3.42541436464088 0
3.43490304709141 0
3.44444444444444 0
3.45403899721448 0
3.46368715083799 0
3.4733893557423 0
3.48314606741573 0
3.49295774647887 0
3.50282485875706 0
3.51274787535411 0
3.52272727272727 0
3.53276353276353 0
3.53535209540889 0
3.54285714285714 0
3.55300859598854 0
3.5632183908046 0
3.57348703170029 0
3.58381502890173 0
3.59420289855072 0
3.6046511627907 0
3.61516034985423 0
3.62573099415205 0
3.63636363636364 0
3.64705882352941 0
3.65781710914454 0
3.66863905325444 0
3.67952522255193 0
3.69047619047619 0
3.70149253731343 0
3.7125748502994 0
3.72372372372372 0
3.73493975903614 0
3.74622356495468 0
3.75757575757576 0
3.76899696048632 0
3.78048780487805 0
3.79204892966361 0
3.80368098159509 0
3.81538461538462 0
3.82716049382716 0
3.8390092879257 0
3.85093167701863 0
3.86292834890966 0
3.875 0
3.8871473354232 0
3.89937106918239 0
3.91167192429022 0
3.92405063291139 0
3.93650793650794 0
3.94904458598726 0
3.96166134185303 0
3.97435897435897 0
3.98713826366559 0.001312500000001
4 0.005612500000002
4.01294498381877 0.0101125
4.02597402597403 0.014812500000002
4.03908794788274 0.019812500000001
4.05228758169935 0.024912500000001
4.0655737704918 0.030312500000001
4.07894736842105 0.0360125
4.09240924092409 0.041912500000001
4.10596026490066 0.048012500000001
4.11960132890366 0.054412500000002

