0.0001 1.94551
0.0006649 1.94515
0.0012298 1.94479
0.0017947 1.94446
0.0023596 1.94423
0.0029245 1.94415
0.0034894 1.94427
0.0040543 1.94461
0.0046192 1.94519
0.0051841 1.946
0.005749 1.94703
0.0063139 1.94828
0.0068788 1.94974
0.0074437 1.95138
0.0080086 1.9532
0.0085735 1.95517
0.0091384 1.95729
0.0097033 1.95955
0.0102682 1.96192
0.0108331 1.96441
0.011398 1.967
0.0119629 1.96968
0.0125278 1.97244
0.0130927 1.97527
0.0136576 1.97817
0.0142225 1.98113
0.0147874 1.98415
0.0153523 1.98721
0.0159172 1.99032
0.0164821 1.99346
0.017047 1.99664
0.0176119 1.99985
0.0181768 2.00309
0.0187417 2.00635
0.0193066 2.00963
0.0198715 2.01293
0.0204364 2.01624
0.0210013 2.01957
0.0215662 2.02291
0.0221311 2.02625
0.022696 2.02961
0.0232609 2.03296
0.0238258 2.03632
0.0243907 2.03969
0.0249556 2.04305
0.0255205 2.04641
0.0260854 2.04978
0.0266503 2.05313
0.0272152 2.05649
0.0277801 2.05984
0.028345 2.06319
0.0289099 2.06653
0.0294748 2.06986
0.0300397 2.07318
0.0306046 2.0765
0.0311695 2.07981
0.0317344 2.08311
0.0322993 2.0864
0.0328642 2.08968
0.0334291 2.09295
0.033994 2.09621
0.0345589 2.09945
0.0351238 2.10269
0.0356887 2.10592
0.0362536 2.10913
0.0368185 2.11233
0.0373834 2.11552
0.0379483 2.11869
0.0385132 2.12186
0.0390781 2.12501
0.039643 2.12814
0.0402079 2.13127
0.0407728 2.13438
0.0413377 2.13747
0.0419026 2.14056
0.0424675 2.14363
0.0430324 2.14668
0.0435973 2.14973
0.0441622 2.15276
0.0447271 2.15577
0.045292 2.15877
0.0458569 2.16176
0.0464218 2.16473
0.0469867 2.16769
0.0475516 2.17063
0.0481165 2.17357
0.0486814 2.17648
0.0492463 2.17938
0.0498112 2.18227
0.0503761 2.18515
0.050941 2.18801
0.0515059 2.19085
0.0520708 2.19369
0.0526357 2.19651
0.0532006 2.19931
0.0537655 2.2021
0.0543304 2.20488
0.0548953 2.20764
0.0554602 2.21039
0.0560251 2.21312
0.05659 2.21584
0.0571549 2.21855
0.0577198 2.22124
0.0582847 2.22392
0.0588496 2.22659
0.0594145 2.22924
0.0599794 2.23188
0.0605443 2.23451
0.0611092 2.23712
0.0616741 2.23972
0.062239 2.2423
0.0628039 2.24487
0.0633688 2.24743
0.0639337 2.24998
0.0644986 2.25251
0.0650635 2.25503
0.0656284 2.25753
0.0661933 2.26003
0.0667582 2.26251
0.0673231 2.26497
0.067888 2.26742
0.0684529 2.26987
0.0690178 2.27229
0.0695827 2.27471
0.0701476 2.27711
0.0707125 2.2795
0.0712774 2.28188
0.0718423 2.28424
0.0724072 2.28659
0.0729721 2.28893
0.073537 2.29126
0.0741019 2.29357
0.0746668 2.29587
0.0752317 2.29816
0.0757966 2.30044
0.0763615 2.3027
0.0769264 2.30495
0.0774913 2.30719
0.0780562 2.30942
0.0786211 2.31164
0.079186 2.31384
0.0797509 2.31603
0.0803158 2.31821
0.0808807 2.32038
0.0814456 2.32253
0.0820105 2.32468
0.0825754 2.32681
0.0831403 2.32893
0.0837052 2.33104
0.0842701 2.33314
0.084835 2.33522
0.0853999 2.33729
0.0859648 2.33936
0.0865297 2.34141
0.0870946 2.34345
0.0876595 2.34547
0.0882244 2.34749
0.0887893 2.34949
0.0893542 2.35149
0.0899191 2.35347
0.090484 2.35544
0.0910489 2.3574
0.0916138 2.35935
0.0921787 2.36128
0.0927436 2.36321
0.0933085 2.36512
0.0938734 2.36702
0.0944383 2.36892
0.0950032 2.3708
0.0955681 2.37267
0.096133 2.37452
0.0966979 2.37637
0.0972628 2.37821
0.0978277 2.38003
0.0983926 2.38185
0.0989575 2.38365
0.0995224 2.38545
0.100087 2.38723
0.100652 2.389
0.101217 2.39076
0.101782 2.39251
0.102347 2.39425
0.102912 2.39597
0.103477 2.39769
0.104042 2.3994
0.104607 2.40109
0.105171 2.40278
0.105736 2.40445
0.106301 2.40612
0.106866 2.40777
0.107431 2.40941
0.107996 2.41104
0.108561 2.41266
0.109126 2.41428
0.109691 2.41588
0.110256 2.41746
0.11082 2.41904
0.111385 2.42061
0.11195 2.42217
0.112515 2.42372
0.11308 2.42525
0.113645 2.42678
0.11421 2.4283
0.114775 2.4298
0.11534 2.4313
0.115905 2.43278
0.116469 2.43425
0.117034 2.43572
0.117599 2.43717
0.118164 2.43861
0.118729 2.44004
0.119294 2.44147
0.119859 2.44288
0.120424 2.44428
0.120989 2.44567
0.121554 2.44705
0.122118 2.44842
0.122683 2.44978
0.123248 2.45113
0.123813 2.45247
0.124378 2.45379
0.124943 2.45511
0.125508 2.45642
0.126073 2.45772
0.126638 2.459
0.127203 2.46028
0.127767 2.46154
0.128332 2.4628
0.128897 2.46404
0.129462 2.46528
0.130027 2.4665
0.130592 2.46772
0.131157 2.46892
0.131722 2.47011
0.132287 2.4713
0.132852 2.47247
0.133416 2.47363
0.133981 2.47478
0.134546 2.47592
0.135111 2.47705
0.135676 2.47817
0.136241 2.47928
0.136806 2.48038
0.137371 2.48147
0.137936 2.48255
0.138501 2.48362
0.139065 2.48467
0.13963 2.48572
0.140195 2.48676
0.14076 2.48778
0.141325 2.4888
0.14189 2.4898
0.142455 2.4908
0.14302 2.49178
0.143585 2.49275
0.14415 2.49371
0.144714 2.49467
0.145279 2.49561
0.145844 2.49654
0.146409 2.49746
0.146974 2.49837
0.147539 2.49927
0.148104 2.50015
0.148669 2.50103
0.149234 2.5019
0.149799 2.50275
0.150363 2.5036
0.150928 2.50443
0.151493 2.50526
0.152058 2.50607
0.152623 2.50687
0.153188 2.50766
0.153753 2.50844
0.154318 2.50921
0.154883 2.50997
0.155448 2.51072
0.156012 2.51146
0.156577 2.51218
0.157142 2.5129
0.157707 2.5136
0.158272 2.51429
0.158837 2.51498
0.159402 2.51565
0.159967 2.51631
0.160532 2.51696
0.161097 2.51759
0.161661 2.51822
0.162226 2.51884
0.162791 2.51944
0.163356 2.52003
0.163921 2.52062
0.164486 2.52119
0.165051 2.52175
0.165616 2.5223
0.166181 2.52283
0.166746 2.52336
0.16731 2.52387
0.167875 2.52438
0.16844 2.52487
0.169005 2.52535
0.16957 2.52582
0.170135 2.52628
0.1707 2.52672
0.171265 2.52716
0.17183 2.52758
0.172395 2.52799
0.172959 2.52839
0.173524 2.52878
0.174089 2.52916
0.174654 2.52952
0.175219 2.52988
0.175784 2.53022
0.176349 2.53055
0.176914 2.53087
0.177479 2.53118
0.178044 2.53147
0.178608 2.53175
0.179173 2.53203
0.179738 2.53229
0.180303 2.53253
0.180868 2.53277
0.181433 2.53299
0.181998 2.5332
0.182563 2.5334
0.183128 2.53359
0.183693 2.53377
0.184257 2.53393
0.184822 2.53408
0.185387 2.53422
0.185952 2.53435
0.186517 2.53446
0.187082 2.53456
0.187647 2.53465
0.188212 2.53473
0.188777 2.5348
0.189342 2.53485
0.189906 2.53489
0.190471 2.53492
0.191036 2.53494
0.191601 2.53494
0.192166 2.53493
0.192731 2.53491
0.193296 2.53487
0.193861 2.53483
0.194426 2.53477
0.194991 2.53469
0.195555 2.53461
0.19612 2.53451
0.196685 2.5344
0.19725 2.53428
0.197815 2.53414
0.19838 2.53399
0.198945 2.53383
0.19951 2.53366
0.200075 2.53347
0.20064 2.53327
0.201204 2.53305
0.201769 2.53283
0.202334 2.53259
0.202899 2.53233
0.203464 2.53207
0.204029 2.53179
0.204594 2.53149
0.205159 2.53119
0.205724 2.53087
0.206289 2.53054
0.206853 2.53019
0.207418 2.52983
0.207983 2.52946
0.208548 2.52907
0.209113 2.52867
0.209678 2.52826
0.210243 2.52783
0.210808 2.52739
0.211373 2.52693
0.211938 2.52647
0.212502 2.52599
0.213067 2.52549
0.213632 2.52498
0.214197 2.52446
0.214762 2.52392
0.215327 2.52337
0.215892 2.52281
0.216457 2.52223
0.217022 2.52163
0.217587 2.52103
0.218151 2.52041
0.218716 2.51977
0.219281 2.51912
0.219846 2.51846
0.220411 2.51778
0.220976 2.51709
0.221541 2.51639
0.222106 2.51567
0.222671 2.51493
0.223236 2.51418
0.2238 2.51342
0.224365 2.51264
0.22493 2.51185
0.225495 2.51104
0.22606 2.51022
0.226625 2.50939
0.22719 2.50854
0.227755 2.50767
0.22832 2.50679
0.228885 2.5059
0.229449 2.50499
0.230014 2.50407
0.230579 2.50313
0.231144 2.50217
0.231709 2.50121
0.232274 2.50022
0.232839 2.49923
0.233404 2.49821
0.233969 2.49718
0.234534 2.49614
0.235098 2.49508
0.235663 2.49401
0.236228 2.49292
0.236793 2.49182
0.237358 2.4907
0.237923 2.48956
0.238488 2.48842
0.239053 2.48725
0.239618 2.48607
0.240183 2.48488
0.240747 2.48366
0.241312 2.48244
0.241877 2.4812
0.242442 2.47994
0.243007 2.47867
0.243572 2.47738
0.244137 2.47607
0.244702 2.47475
0.245267 2.47342
0.245832 2.47207
0.246396 2.4707
0.246961 2.46932
0.247526 2.46792
0.248091 2.46651
0.248656 2.46508
0.249221 2.46363
0.249786 2.46217
0.250351 2.46069
0.250916 2.4592
0.251481 2.45769
0.252045 2.45616
0.25261 2.45462
0.253175 2.45306
0.25374 2.45149
0.254305 2.44989
0.25487 2.44829
0.255435 2.44666
0.256 2.44503
0.256565 2.44337
0.25713 2.4417
0.257694 2.44001
0.258259 2.4383
0.258824 2.43658
0.259389 2.43485
0.259954 2.43309
0.260519 2.43132
0.261084 2.42953
0.261649 2.42773
0.262214 2.42591
0.262779 2.42407
0.263343 2.42222
0.263908 2.42035
0.264473 2.41846
0.265038 2.41656
0.265603 2.41464
0.266168 2.4127
0.266733 2.41074
0.267298 2.40877
0.267863 2.40679
0.268428 2.40478
0.268992 2.40276
0.269557 2.40072
0.270122 2.39866
0.270687 2.39659
0.271252 2.3945
0.271817 2.39239
0.272382 2.39027
0.272947 2.38813
0.273512 2.38597
0.274077 2.38379
0.274641 2.3816
0.275206 2.37939
0.275771 2.37717
0.276336 2.37492
0.276901 2.37266
0.277466 2.37038
0.278031 2.36808
0.278596 2.36577
0.279161 2.36344
0.279726 2.36109
0.28029 2.35872
0.280855 2.35634
0.28142 2.35394
0.281985 2.35152
0.28255 2.34909
0.283115 2.34663
0.28368 2.34416
0.284245 2.34167
0.28481 2.33917
0.285375 2.33664
0.285939 2.3341
0.286504 2.33154
0.287069 2.32897
0.287634 2.32637
0.288199 2.32376
0.288764 2.32113
0.289329 2.31848
0.289894 2.31582
0.290459 2.31313
0.291024 2.31043
0.291588 2.30772
0.292153 2.30498
0.292718 2.30222
0.293283 2.29945
0.293848 2.29666
0.294413 2.29385
0.294978 2.29103
0.295543 2.28818
0.296108 2.28532
0.296673 2.28244
0.297237 2.27955
0.297802 2.27663
0.298367 2.2737
0.298932 2.27074
0.299497 2.26778
0.300062 2.26479
0.300627 2.26178
0.301192 2.25876
0.301757 2.25572
0.302322 2.25266
0.302886 2.24958
0.303451 2.24648
0.304016 2.24337
0.304581 2.24024
0.305146 2.23709
0.305711 2.23392
0.306276 2.23073
0.306841 2.22753
0.307406 2.2243
0.307971 2.22106
0.308535 2.2178
0.3091 2.21453
0.309665 2.21123
0.31023 2.20792
0.310795 2.20459
0.31136 2.20124
0.311925 2.19787
0.31249 2.19448
0.313055 2.19108
0.31362 2.18765
0.314184 2.18421
0.314749 2.18075
0.315314 2.17728
0.315879 2.17378
0.316444 2.17027
0.317009 2.16674
0.317574 2.16319
0.318139 2.15962
0.318704 2.15603
0.319269 2.15243
0.319833 2.1488
0.320398 2.14516
0.320963 2.1415
0.321528 2.13783
0.322093 2.13413
0.322658 2.13042
0.323223 2.12669
0.323788 2.12294
0.324353 2.11917
0.324918 2.11538
0.325482 2.11158
0.326047 2.10775
0.326612 2.10391
0.327177 2.10005
0.327742 2.09618
0.328307 2.09228
0.328872 2.08837
0.329437 2.08444
0.330002 2.08049
0.330567 2.07652
0.331131 2.07254
0.331696 2.06853
0.332261 2.06451
0.332826 2.06047
0.333391 2.05641
0.333956 2.05234
0.334521 2.04824
0.335086 2.04413
0.335651 2.04
0.336216 2.03586
0.33678 2.03169
0.337345 2.02751
0.33791 2.02331
0.338475 2.01909
0.33904 2.01485
0.339605 2.0106
0.34017 2.00632
0.340735 2.00203
0.3413 1.99773
0.341865 1.9934
0.342429 1.98906
0.342994 1.9847
0.343559 1.98032
0.344124 1.97592
0.344689 1.97151
0.345254 1.96708
0.345819 1.96263
0.346384 1.95816
0.346949 1.95368
0.347514 1.94918
0.348078 1.94466
0.348643 1.94012
0.349208 1.93557
0.349773 1.931
0.350338 1.92641
0.350903 1.9218
0.351468 1.91718
0.352033 1.91254
0.352598 1.90788
0.353163 1.90321
0.353727 1.89852
0.354292 1.89381
0.354857 1.88908
0.355422 1.88434
0.355987 1.87958
0.356552 1.87481
0.357117 1.87001
0.357682 1.8652
0.358247 1.86037
0.358812 1.85553
0.359376 1.85067
0.359941 1.84579
0.360506 1.8409
0.361071 1.83599
0.361636 1.83106
0.362201 1.82612
0.362766 1.82116
0.363331 1.81618
0.363896 1.81119
0.364461 1.80618
0.365025 1.80115
0.36559 1.79611
0.366155 1.79105
0.36672 1.78598
0.367285 1.78089
0.36785 1.77578
0.368415 1.77066
0.36898 1.76552
0.369545 1.76036
0.37011 1.75519
0.370674 1.75001
0.371239 1.74481
0.371804 1.73959
0.372369 1.73436
0.372934 1.72911
0.373499 1.72384
0.374064 1.71857
0.374629 1.71327
0.375194 1.70796
0.375759 1.70264
0.376323 1.6973
0.376888 1.69194
0.377453 1.68657
0.378018 1.68118
0.378583 1.67578
0.379148 1.67037
0.379713 1.66494
0.380278 1.65949
0.380843 1.65403
0.381408 1.64856
0.381972 1.64307
0.382537 1.63757
0.383102 1.63205
0.383667 1.62652
0.384232 1.62097
0.384797 1.61541
0.385362 1.60984
0.385927 1.60425
0.386492 1.59865
0.387057 1.59303
0.387621 1.5874
0.388186 1.58176
0.388751 1.5761
0.389316 1.57043
0.389881 1.56475
0.390446 1.55905
0.391011 1.55334
0.391576 1.54762
0.392141 1.54188
0.392706 1.53613
0.39327 1.53037
0.393835 1.52459
0.3944 1.51881
0.394965 1.51301
0.39553 1.50719
0.396095 1.50137
0.39666 1.49553
0.397225 1.48968
0.39779 1.48382
0.398355 1.47794
0.398919 1.47205
0.399484 1.46616
0.400049 1.46024
0.400614 1.45432
0.401179 1.44839
0.401744 1.44244
0.402309 1.43649
0.402874 1.43052
0.403439 1.42454
0.404004 1.41855
0.404568 1.41255
0.405133 1.40654
0.405698 1.40051
0.406263 1.39448
0.406828 1.38844
0.407393 1.38238
0.407958 1.37632
0.408523 1.37024
0.409088 1.36416
0.409653 1.35806
0.410217 1.35196
0.410782 1.34584
0.411347 1.33972
0.411912 1.33359
0.412477 1.32744
0.413042 1.32129
0.413607 1.31513
0.414172 1.30896
0.414737 1.30278
0.415302 1.29659
0.415866 1.29039
0.416431 1.28419
0.416996 1.27797
0.417561 1.27175
0.418126 1.26552
0.418691 1.25928
0.419256 1.25304
0.419821 1.24678
0.420386 1.24052
0.420951 1.23425
0.421515 1.22798
0.42208 1.22169
0.422645 1.2154
0.42321 1.2091
0.423775 1.2028
0.42434 1.19649
0.424905 1.19017
0.42547 1.18385
0.426035 1.17752
0.4266 1.17118
0.427164 1.16484
0.427729 1.15849
0.428294 1.15214
0.428859 1.14578
0.429424 1.13942
0.429989 1.13305
0.430554 1.12667
0.431119 1.12029
0.431684 1.11391
0.432249 1.10752
0.432813 1.10113
0.433378 1.09473
0.433943 1.08833
0.434508 1.08193
0.435073 1.07552
0.435638 1.0691
0.436203 1.06269
0.436768 1.05627
0.437333 1.04985
0.437898 1.04342
0.438462 1.037
0.439027 1.03057
0.439592 1.02413
0.440157 1.0177
0.440722 1.01126
0.441287 1.00482
0.441852 0.998382
0.442417 0.99194
0.442982 0.985497
0.443547 0.979052
0.444111 0.972607
0.444676 0.966161
0.445241 0.959714
0.445806 0.953267
0.446371 0.94682
0.446936 0.940372
0.447501 0.933925
0.448066 0.927478
0.448631 0.921032
0.449196 0.914586
0.44976 0.908141
0.450325 0.901698
0.45089 0.895255
0.451455 0.888815
0.45202 0.882375
0.452585 0.875938
0.45315 0.869503
0.453715 0.863071
0.45428 0.85664
0.454845 0.850213
0.455409 0.843788
0.455974 0.837367
0.456539 0.830949
0.457104 0.824535
0.457669 0.818124
0.458234 0.811717
0.458799 0.805315
0.459364 0.798917
0.459929 0.792523
0.460494 0.786135
0.461058 0.779752
0.461623 0.773373
0.462188 0.767001
0.462753 0.760634
0.463318 0.754273
0.463883 0.747919
0.464448 0.74157
0.465013 0.735229
0.465578 0.728894
0.466143 0.722567
0.466707 0.716247
0.467272 0.709934
0.467837 0.70363
0.468402 0.697333
0.468967 0.691045
0.469532 0.684765
0.470097 0.678495
0.470662 0.672233
0.471227 0.66598
0.471792 0.659738
0.472356 0.653504
0.472921 0.647281
0.473486 0.641069
0.474051 0.634866
0.474616 0.628675
0.475181 0.622495
0.475746 0.616326
0.476311 0.610168
0.476876 0.604023
0.477441 0.597889
0.478005 0.591768
0.47857 0.58566
0.479135 0.579564
0.4797 0.573482
0.480265 0.567413
0.48083 0.561357
0.481395 0.555316
0.48196 0.549289
0.482525 0.543277
0.48309 0.537279
0.483654 0.531296
0.484219 0.525329
0.484784 0.519377
0.485349 0.513442
0.485914 0.507522
0.486479 0.501619
0.487044 0.495733
0.487609 0.489864
0.488174 0.484012
0.488739 0.478178
0.489303 0.472362
0.489868 0.466565
0.490433 0.460785
0.490998 0.455025
0.491563 0.449284
0.492128 0.443562
0.492693 0.43786
0.493258 0.432178
0.493823 0.426516
0.494388 0.420875
0.494952 0.415255
0.495517 0.409657
0.496082 0.404079
0.496647 0.398524
0.497212 0.392991
0.497777 0.387481
0.498342 0.381994
0.498907 0.376529
0.499472 0.371089
0.500037 0.365672
0.500601 0.360279
0.501166 0.354911
0.501731 0.349568
0.502296 0.34425
0.502861 0.338957
0.503426 0.33369
0.503991 0.32845
0.504556 0.323235
0.505121 0.318048
0.505686 0.312888
0.50625 0.307756
0.506815 0.302651
0.50738 0.297575
0.507945 0.292527
0.50851 0.287508
0.509075 0.282518
0.50964 0.277558
0.510205 0.272628
0.51077 0.267729
0.511335 0.26286
0.511899 0.258022
0.512464 0.253215
0.513029 0.248441
0.513594 0.243698
0.514159 0.238988
0.514724 0.234311
0.515289 0.229668
0.515854 0.225057
0.516419 0.220481
0.516984 0.21594
0.517548 0.211433
0.518113 0.206961
0.518678 0.202525
0.519243 0.198124
0.519808 0.19376
0.520373 0.189433
0.520938 0.185143
0.521503 0.18089
0.522068 0.176675
0.522633 0.172499
0.523197 0.168361
0.523762 0.164262
0.524327 0.160203
0.524892 0.156183
0.525457 0.152204
0.526022 0.148266
0.526587 0.144368
0.527152 0.140512
0.527717 0.136698
0.528281 0.132926
0.528846 0.129197
0.529411 0.125512
0.529976 0.121869
0.530541 0.118271
0.531106 0.114717
0.531671 0.111208
0.532236 0.107745
0.532801 0.104327
0.533366 0.100955
0.533931 0.0976297
0.534495 0.0943515
0.53506 0.0911207
0.535625 0.0879378
0.53619 0.0848032
0.536755 0.0817174
0.53732 0.0786808
0.537885 0.0756939
0.53845 0.0727571
0.539015 0.0698708
0.53958 0.0670356
0.540144 0.0642518
0.540709 0.06152
0.541274 0.0588405
0.541839 0.0562139
0.542404 0.0536406
0.542969 0.0511211
0.543534 0.0486558
0.544099 0.0462453
0.544664 0.0438899
0.545229 0.0415902
0.545793 0.0393467
0.546358 0.0371597
0.546923 0.0350298
0.547488 0.0329576
0.548053 0.0309433
0.548618 0.0289876
0.549183 0.027091
0.549748 0.0252539
0.550313 0.0234767
0.550878 0.0217601
0.551442 0.0201045
0.552007 0.0185104
0.552572 0.0169783
0.553137 0.0155088
0.553702 0.0141022
0.554267 0.0127591
0.554832 0.0114801
0.555397 0.0102656
0.555962 0.0091162
0.556527 0.00803233
0.557091 0.00701456
0.557656 0.00606339
0.558221 0.00517935
0.558786 0.00436297
0.559351 0.00361476
0.559916 0.00293527
0.560481 0.00232501
0.561046 0.00178452
0.561611 0.00131435
0.562176 0.000915016
0.56274 0.000587068
0.563305 0.000331048
0.56387 0.000147499
0.564435 0.0000369664
